
[ParticleListDrawer] analysing particle collection genParticles
idx | ID - Name |Stat| Mo1 Mo2 Da1 Da2 |nMo nDa| pt eta phi | px py pz m |
0 | 2212 - p+ | 3 | -1 -1 2 178 | 0 36 | 0.000 26756.000 0.000 | 0.000 0.000 4000.000 0.938 |
1 | 2212 - p+ | 3 | -1 -1 3 181 | 0 58 | 0.000 -26756.000 0.000 | 0.000 0.000 -4000.000 0.938 |
2 | 21 - g | 3 | 0 0 4 116 | 1 10 | 0.778 7.011 -0.915 | 0.474 -0.617 431.268 -0.000 |
3 | 1 - d | 3 | 1 1 5 170 | 1 28 | 0.837 -8.105 1.677 | -0.089 0.833 -1386.226 -0.000 |
4 | 21 - g | 3 | 2 2 6 8 | 1 3 | 15.354 3.794 2.083 | -7.530 13.380 340.846 0.000 |
5 | 21 - g | 3 | 3 3 6 8 | 1 3 | 46.133 -3.945 2.781 | -43.166 16.276 -1191.399 0.000 |
6 | 21 - g | 3 | 4 5 101 122 | 2 19 | 577.127 -0.901 3.073 | -575.783 39.366 -593.502 -0.001 |
7 | 21 - g | 3 | 4 5 49 89 | 2 16 | 162.748 0.110 1.037 | 82.790 140.116 17.899 0.001 |
8 | 21 - g | 3 | 4 5 90 99 | 2 10 | 466.984 -0.559 -0.327 | 442.296 -149.827 -274.950 0.002 |
9 | 2 - u | 2 | 1 1 182 182 | 1 1 | 0.445 -7.138 1.321 | 0.110 0.431 -280.274 0.330 |
10 | 21 - g | 2 | 1 1 182 182 | 1 1 | 0.298 -5.292 1.381 | 0.056 0.293 -29.602 0.000 |
11 | 21 - g | 2 | 1 1 182 182 | 1 1 | 0.534 -4.508 1.025 | 0.277 0.457 -24.247 0.000 |
12 | 21 - g | 2 | 1 1 182 182 | 1 1 | 1.132 -4.735 -0.274 | 1.090 -0.307 -64.481 0.000 |
13 | 21 - g | 2 | 1 1 182 182 | 1 1 | 0.299 -5.624 -1.650 | -0.024 -0.298 -41.349 -0.000 |
14 | 21 - g | 2 | 1 1 182 182 | 1 1 | 0.219 -4.775 2.826 | -0.208 0.068 -12.949 -0.000 |
15 | -2 - ubar | 2 | 1 1 182 182 | 1 1 | 0.242 -5.670 2.075 | -0.117 0.212 -35.067 0.000 |
16 | 2 - u | 2 | 0 0 187 187 | 1 1 | 0.607 2.077 -2.635 | -0.531 -0.295 2.386 0.000 |
17 | 21 - g | 2 | 1 1 187 187 | 1 1 | 0.358 2.117 -1.590 | -0.007 -0.358 1.466 -0.000 |
18 | 21 - g | 2 | 1 1 187 187 | 1 1 | 0.220 1.207 0.084 | 0.219 0.018 0.335 0.000 |
19 | 21 - g | 2 | 1 1 187 187 | 1 1 | 0.432 0.719 -1.141 | 0.180 -0.393 0.338 0.000 |
20 | 21 - g | 2 | 1 1 187 187 | 1 1 | 1.085 1.213 -1.099 | 0.493 -0.967 1.663 0.000 |
21 | 21 - g | 2 | 1 1 187 187 | 1 1 | 0.524 2.732 -1.150 | 0.214 -0.479 4.010 -0.000 |
22 | 21 - g | 2 | 1 1 187 187 | 1 1 | 7.002 -2.586 -1.997 | -2.895 -6.376 -46.198 0.000 |
23 | 21 - g | 2 | 1 1 187 187 | 1 1 | 0.200 -3.666 -0.253 | 0.194 -0.050 -3.908 0.000 |
24 | 21 - g | 2 | 1 1 187 187 | 1 1 | 0.903 -3.055 0.585 | 0.753 0.499 -9.564 -0.000 |
25 | 21 - g | 2 | 1 1 187 187 | 1 1 | 1.358 -2.621 1.242 | 0.438 1.285 -9.291 0.000 |
26 | 21 - g | 2 | 1 1 187 187 | 1 1 | 0.619 -3.594 1.418 | 0.094 0.612 -11.243 0.000 |
27 | 21 - g | 2 | 1 1 187 187 | 1 1 | 0.986 -3.315 2.004 | -0.414 0.895 -13.557 0.000 |
28 | 21 - g | 2 | 1 1 187 187 | 1 1 | 2.640 -2.773 -2.480 | -2.083 -1.622 -21.048 0.000 |
29 | 21 - g | 2 | 1 1 187 187 | 1 1 | 0.285 -2.716 2.847 | -0.272 0.083 -2.143 0.000 |
30 | 21 - g | 2 | 1 1 187 187 | 1 1 | 1.093 -0.877 3.033 | -1.086 0.118 -1.087 -0.000 |
31 | 21 - g | 2 | 1 1 187 187 | 1 1 | 1.803 -0.366 2.482 | -1.425 1.106 -0.674 0.000 |
32 | 21 - g | 2 | 1 1 187 187 | 1 1 | 0.246 0.252 0.696 | 0.189 0.158 0.063 -0.000 |
33 | 21 - g | 2 | 1 1 187 187 | 1 1 | 0.761 2.164 2.136 | -0.407 0.642 3.268 0.000 |
34 | 21 - g | 2 | 0 0 187 187 | 1 1 | 1.920 3.486 1.250 | 0.606 1.822 31.320 -0.000 |
35 | 21 - g | 2 | 0 0 187 187 | 1 1 | 0.278 2.714 1.727 | -0.043 0.275 2.090 0.000 |
36 | 21 - g | 2 | 0 0 187 187 | 1 1 | 1.996 0.893 1.998 | -0.827 1.816 2.030 0.000 |
37 | 21 - g | 2 | 0 0 187 187 | 1 1 | 0.161 1.912 0.455 | 0.144 0.071 0.532 0.000 |
38 | -2 - ubar | 2 | 2 2 187 187 | 1 1 | 1.813 2.239 -0.588 | 1.509 -1.006 8.411 0.330 |
39 | 2101 - ud_0 | 2 | 0 0 227 227 | 1 1 | 0.175 10.243 2.097 | -0.088 0.152 2460.341 0.000 |
40 | 21 - g | 2 | 2 2 227 227 | 1 1 | 8.063 0.835 -1.041 | 4.075 -6.958 7.545 0.000 |
41 | 1 - d | 2 | 2 2 227 227 | 1 1 | 0.847 1.268 0.155 | 0.837 0.130 1.387 0.330 |
42 | 1 - d | 2 | 3 3 240 240 | 1 1 | 11.931 -0.546 -0.004 | 11.931 -0.042 -6.838 0.330 |
43 | 21 - g | 2 | 3 3 240 240 | 1 1 | 19.396 -0.696 0.040 | 19.381 0.776 -14.623 -0.000 |
44 | -1 - dbar | 2 | 3 3 240 240 | 1 1 | 9.390 -0.728 -0.036 | 9.384 -0.341 -7.457 0.330 |
45 | 1 - d | 2 | 3 3 245 245 | 1 1 | 9.243 -0.864 0.329 | 8.747 2.985 -9.016 0.330 |
46 | 21 - g | 2 | 3 3 245 245 | 1 1 | 12.490 -0.903 0.176 | 12.297 2.187 -12.878 0.000 |
47 | -2 - ubar | 2 | 3 3 245 245 | 1 1 | 15.661 -0.709 -0.122 | 15.545 -1.900 -12.054 0.330 |
48 | -1 - dbar | 2 | 2 2 253 253 | 1 1 | 6.900 0.592 1.546 | 0.170 6.898 4.328 0.330 |
49 | 21 - g | 2 | 7 7 253 253 | 1 1 | 19.107 0.481 1.386 | 3.515 18.781 9.552 0.000 |
50 | 21 - g | 2 | 7 7 253 253 | 1 1 | 8.303 0.392 1.365 | 1.695 8.128 3.336 0.000 |
51 | 21 - g | 2 | 7 7 253 253 | 1 1 | 0.339 0.716 0.630 | 0.274 0.200 0.264 -0.000 |
52 | 21 - g | 2 | 0 0 253 253 | 1 1 | 1.985 1.377 0.618 | 1.618 1.150 3.685 -0.000 |
53 | 21 - g | 2 | 0 0 253 253 | 1 1 | 0.573 3.272 0.288 | 0.549 0.163 7.538 -0.000 |
54 | 21 - g | 2 | 0 0 253 253 | 1 1 | 2.580 2.706 -0.344 | 2.429 -0.871 19.232 0.000 |
55 | 21 - g | 2 | 0 0 253 253 | 1 1 | 1.200 3.436 -1.169 | 0.470 -1.104 18.625 -0.000 |
56 | 21 - g | 2 | 0 0 253 253 | 1 1 | 0.309 4.007 -1.858 | -0.088 -0.296 8.498 0.000 |
57 | 21 - g | 2 | 2 2 253 253 | 1 1 | 0.532 4.253 -0.919 | 0.322 -0.423 18.690 0.000 |
58 | 21 - g | 2 | 2 2 253 253 | 1 1 | 1.391 3.508 -2.115 | -0.720 -1.190 23.199 0.000 |
59 | 21 - g | 2 | 0 0 253 253 | 1 1 | 0.272 4.579 -1.204 | 0.097 -0.254 13.234 -0.000 |
60 | 21 - g | 2 | 0 0 253 253 | 1 1 | 1.430 3.100 -1.761 | -0.270 -1.404 15.835 0.000 |
61 | 21 - g | 2 | 0 0 253 253 | 1 1 | 0.162 2.986 -0.727 | 0.121 -0.108 1.601 0.000 |
62 | 21 - g | 2 | 1 1 253 253 | 1 1 | 1.934 1.926 -1.675 | -0.201 -1.923 6.493 0.000 |
63 | 21 - g | 2 | 0 0 253 253 | 1 1 | 0.587 3.652 -1.122 | 0.255 -0.529 11.310 0.000 |
64 | 21 - g | 2 | 1 1 253 253 | 1 1 | 0.467 3.034 -0.503 | 0.409 -0.225 4.839 0.000 |
65 | 21 - g | 2 | 0 0 253 253 | 1 1 | 0.956 3.178 -0.047 | 0.955 -0.045 11.459 0.000 |
66 | 21 - g | 2 | 0 0 253 253 | 1 1 | 0.260 2.371 0.818 | 0.178 0.190 1.380 -0.000 |
67 | 21 - g | 2 | 0 0 253 253 | 1 1 | 0.455 1.987 2.144 | -0.247 0.382 1.627 0.000 |
68 | 21 - g | 2 | 1 1 253 253 | 1 1 | 1.201 -0.335 2.952 | -1.179 0.226 -0.409 0.000 |
69 | 21 - g | 2 | 1 1 253 253 | 1 1 | 0.563 -0.432 -2.951 | -0.553 -0.106 -0.251 0.000 |
70 | 21 - g | 2 | 1 1 253 253 | 1 1 | 1.284 0.154 -2.513 | -1.038 -0.755 0.198 0.000 |
71 | 21 - g | 2 | 1 1 253 253 | 1 1 | 3.630 -2.355 0.133 | 3.598 0.483 -18.950 0.000 |
72 | 21 - g | 2 | 1 1 253 253 | 1 1 | 0.514 -0.406 1.089 | 0.238 0.456 -0.214 -0.000 |
73 | 21 - g | 2 | 1 1 253 253 | 1 1 | 0.632 -0.369 1.030 | 0.325 0.541 -0.238 0.000 |
74 | 21 - g | 2 | 1 1 253 253 | 1 1 | 0.726 -1.129 1.457 | 0.082 0.721 -1.004 0.000 |
75 | 21 - g | 2 | 1 1 253 253 | 1 1 | 0.604 -0.330 1.474 | 0.059 0.601 -0.203 -0.000 |
76 | 21 - g | 2 | 1 1 253 253 | 1 1 | 0.584 0.060 1.113 | 0.258 0.524 0.035 -0.000 |
77 | 21 - g | 2 | 7 7 253 253 | 1 1 | 4.090 0.062 0.619 | 3.331 2.373 0.253 -0.000 |
78 | 21 - g | 2 | 7 7 253 253 | 1 1 | 3.395 -0.176 0.847 | 2.248 2.545 -0.601 0.000 |
79 | 21 - g | 2 | 7 7 253 253 | 1 1 | 20.973 0.072 0.836 | 14.067 15.556 1.519 -0.000 |
80 | 21 - g | 2 | 7 7 253 253 | 1 1 | 12.926 0.022 0.949 | 7.527 10.509 0.281 0.000 |
81 | 21 - g | 2 | 7 7 253 253 | 1 1 | 8.185 0.157 0.851 | 5.397 6.154 1.289 -0.000 |
82 | 21 - g | 2 | 7 7 253 253 | 1 1 | 15.209 0.090 0.975 | 8.532 12.591 1.376 -0.000 |
83 | 21 - g | 2 | 7 7 253 253 | 1 1 | 2.196 -0.159 0.951 | 1.275 1.788 -0.351 0.000 |
84 | 21 - g | 2 | 7 7 253 253 | 1 1 | 23.523 -0.014 0.969 | 13.313 19.393 -0.337 -0.000 |
85 | 21 - g | 2 | 7 7 253 253 | 1 1 | 31.995 0.027 0.995 | 17.420 26.837 0.867 0.000 |
86 | 21 - g | 2 | 7 7 253 253 | 1 1 | 2.497 -0.155 0.993 | 1.364 2.091 -0.389 0.000 |
87 | 21 - g | 2 | 7 7 253 253 | 1 1 | 3.414 0.025 0.437 | 3.093 1.445 0.084 -0.000 |
88 | 21 - g | 2 | 7 7 253 253 | 1 1 | 0.284 0.265 -2.419 | -0.213 -0.188 0.076 0.000 |
89 | 21 - g | 2 | 7 7 253 253 | 1 1 | 1.383 -0.998 0.090 | 1.377 0.125 -1.620 0.000 |
90 | 21 - g | 2 | 8 8 253 253 | 1 1 | 27.456 -0.729 -0.453 | 24.688 -12.013 -21.847 -0.000 |
91 | 21 - g | 2 | 8 8 253 253 | 1 1 | 5.160 -0.547 -0.264 | 4.981 -1.348 -2.966 -0.000 |
92 | 21 - g | 2 | 8 8 253 253 | 1 1 | 38.075 -0.529 -0.360 | 35.633 -13.415 -21.111 0.000 |
93 | 21 - g | 2 | 8 8 253 253 | 1 1 | 2.901 -0.660 -0.262 | 2.802 -0.752 -2.057 -0.000 |
94 | 21 - g | 2 | 8 8 253 253 | 1 1 | 134.047 -0.537 -0.350 | 125.905 -46.006 -75.521 0.000 |
95 | 21 - g | 2 | 8 8 253 253 | 1 1 | 3.376 -0.539 -0.285 | 3.240 -0.949 -1.911 0.000 |
96 | 21 - g | 2 | 8 8 253 253 | 1 1 | 30.117 -0.571 -0.278 | 28.961 -8.263 -18.158 0.000 |
97 | 21 - g | 2 | 8 8 253 253 | 1 1 | 153.517 -0.548 -0.290 | 147.126 -43.834 -88.401 0.000 |
98 | 21 - g | 2 | 8 8 253 253 | 1 1 | 3.467 -0.478 -0.281 | 3.332 -0.961 -1.723 -0.000 |
99 | 21 - g | 2 | 8 8 253 253 | 1 1 | 45.094 -0.556 -0.315 | 42.875 -13.970 -26.363 -0.000 |
100 | 2 - u | 2 | 3 3 253 253 | 1 1 | 4.473 -0.652 -0.489 | 3.948 -2.103 -3.125 0.330 |
101 | -4 - cbar | 2 | 6 6 330 330 | 1 1 | 163.045 -0.892 3.038 | -162.164 16.925 -165.399 1.500 |
102 | 21 - g | 2 | 6 6 330 330 | 1 1 | 25.870 -0.889 3.066 | -25.797 1.943 -26.152 -0.000 |
103 | 21 - g | 2 | 6 6 330 330 | 1 1 | 65.392 -0.880 3.051 | -65.127 5.885 -65.273 0.000 |
104 | 21 - g | 2 | 6 6 330 330 | 1 1 | 12.510 -0.882 3.012 | -12.406 1.611 -12.520 0.000 |
105 | 21 - g | 2 | 6 6 330 330 | 1 1 | 54.946 -0.857 3.049 | -54.710 5.086 -53.070 0.000 |
106 | 21 - g | 2 | 6 6 330 330 | 1 1 | 7.952 -0.798 3.068 | -7.930 0.589 -7.040 -0.000 |
107 | 21 - g | 2 | 6 6 330 330 | 1 1 | 15.998 -0.919 3.066 | -15.953 1.211 -16.852 0.000 |
108 | 21 - g | 2 | 6 6 330 330 | 1 1 | 4.111 -0.852 3.120 | -4.110 0.089 -3.941 -0.000 |
109 | 21 - g | 2 | 6 6 330 330 | 1 1 | 20.679 -0.833 3.036 | -20.563 2.184 -19.302 0.000 |
110 | 21 - g | 2 | 6 6 330 330 | 1 1 | 11.043 -0.957 2.999 | -10.931 1.564 -12.249 -0.000 |
111 | 21 - g | 2 | 6 6 330 330 | 1 1 | 2.599 -0.927 -2.947 | -2.549 -0.504 -2.771 0.000 |
112 | 21 - g | 2 | 6 6 330 330 | 1 1 | 45.179 -0.984 -3.083 | -45.103 -2.630 -51.957 0.000 |
113 | 21 - g | 2 | 6 6 330 330 | 1 1 | 17.749 -0.948 -3.020 | -17.618 -2.153 -19.469 0.000 |
114 | 21 - g | 2 | 2 2 330 330 | 1 1 | 0.576 0.761 0.382 | 0.534 0.214 0.481 -0.000 |
115 | 21 - g | 2 | 2 2 330 330 | 1 1 | 2.634 1.185 -0.768 | 1.895 -1.830 3.906 0.000 |
116 | 2 - u | 2 | 2 2 330 330 | 1 1 | 0.730 1.483 -2.039 | -0.329 -0.651 1.526 0.330 |
117 | 4 - c | 2 | 6 6 349 349 | 1 1 | 60.716 -0.925 3.126 | -60.709 0.930 -64.551 1.500 |
118 | 21 - g | 2 | 6 6 349 349 | 1 1 | 0.215 -0.258 -2.916 | -0.209 -0.048 -0.056 0.000 |
119 | 21 - g | 2 | 6 6 349 349 | 1 1 | 31.208 -0.906 3.066 | -31.119 2.354 -32.319 0.000 |
120 | 21 - g | 2 | 6 6 349 349 | 1 1 | 4.444 -0.874 2.955 | -4.367 0.824 -4.395 0.000 |
121 | 21 - g | 2 | 6 6 349 349 | 1 1 | 6.521 -0.788 -3.120 | -6.520 -0.143 -5.691 0.000 |
122 | 21 - g | 2 | 6 6 349 349 | 1 1 | 8.591 -1.022 3.129 | -8.591 0.112 -10.393 0.000 |
123 | 21 - g | 2 | 3 3 349 349 | 1 1 | 4.886 -0.880 -2.936 | -4.782 -0.999 -4.876 -0.000 |
124 | 21 - g | 2 | 3 3 349 349 | 1 1 | 10.504 -0.879 -2.753 | -9.719 -3.984 -10.468 0.000 |
125 | 21 - g | 2 | 3 3 349 349 | 1 1 | 5.217 -0.906 -2.918 | -5.087 -1.159 -5.399 0.000 |
126 | 21 - g | 2 | 3 3 349 349 | 1 1 | 1.215 -1.008 -3.062 | -1.211 -0.097 -1.443 -0.000 |
127 | 21 - g | 2 | 3 3 349 349 | 1 1 | 1.853 -0.149 -2.994 | -1.833 -0.273 -0.277 -0.000 |
128 | 21 - g | 2 | 3 3 349 349 | 1 1 | 0.571 -0.711 -1.663 | -0.053 -0.569 -0.442 0.000 |
129 | -2 - ubar | 2 | 3 3 349 349 | 1 1 | 1.889 -2.452 -2.093 | -0.942 -1.637 -10.879 0.330 |
130 | 3 - s | 2 | 0 0 366 366 | 1 1 | 0.840 4.239 2.006 | -0.354 0.762 29.108 0.500 |
131 | 21 - g | 2 | 1 1 366 366 | 1 1 | 1.411 3.506 2.434 | -1.073 0.917 23.482 -0.000 |
132 | 21 - g | 2 | 0 0 366 366 | 1 1 | 0.766 4.345 1.549 | 0.017 0.766 29.527 -0.000 |
133 | 21 - g | 2 | 0 0 366 366 | 1 1 | 0.306 4.375 1.977 | -0.121 0.281 12.138 -0.000 |
134 | -3 - sbar | 2 | 0 0 366 366 | 1 1 | 3.064 3.847 -0.599 | 2.531 -1.726 71.725 0.500 |
135 | 2 - u | 2 | 0 0 372 372 | 1 1 | 1.588 5.587 0.954 | 0.919 1.295 212.062 0.330 |
136 | 21 - g | 2 | 0 0 372 372 | 1 1 | 0.035 7.721 0.076 | 0.035 0.003 39.778 -0.000 |
137 | 21 - g | 2 | 0 0 372 372 | 1 1 | 0.652 6.530 0.489 | 0.576 0.306 223.612 -0.000 |
138 | 21 - g | 2 | 0 0 372 372 | 1 1 | 0.378 5.741 1.400 | 0.064 0.373 58.938 -0.000 |
139 | 21 - g | 2 | 0 0 372 372 | 1 1 | 1.154 5.052 1.911 | -0.385 1.088 90.202 -0.000 |
140 | 21 - g | 2 | 0 0 372 372 | 1 1 | 0.983 4.627 2.043 | -0.447 0.876 50.229 0.000 |
141 | -2 - ubar | 2 | 0 0 372 372 | 1 1 | 0.303 6.056 -2.832 | -0.289 -0.092 64.680 0.330 |
142 | 21 - g | 2 | 1 1 380 380 | 1 1 | 1.033 2.003 0.940 | 0.610 0.834 3.760 -0.000 |
143 | 21 - g | 2 | 0 0 380 380 | 1 1 | 0.502 2.278 0.328 | 0.475 0.161 2.420 0.000 |
144 | 21 - g | 2 | 0 0 380 380 | 1 1 | 1.418 1.398 0.666 | 1.114 0.876 2.693 0.000 |
145 | 21 - g | 2 | 0 0 380 380 | 1 1 | 0.398 1.899 2.178 | -0.227 0.327 1.301 -0.000 |
146 | 21 - g | 2 | 0 0 383 383 | 1 1 | 0.438 1.692 -2.924 | -0.428 -0.095 1.150 0.000 |
147 | 21 - g | 2 | 1 1 383 383 | 1 1 | 1.781 1.284 3.110 | -1.780 0.057 2.970 0.000 |
148 | 21 - g | 2 | 1 1 383 383 | 1 1 | 1.057 1.182 -2.761 | -0.982 -0.392 1.561 -0.000 |
149 | 21 - g | 2 | 1 1 383 383 | 1 1 | 0.898 1.107 2.401 | -0.662 0.606 1.210 0.000 |
150 | 2 - u | 2 | 1 1 386 386 | 1 1 | 0.807 -2.177 0.067 | 0.805 0.054 -3.513 0.330 |
151 | 21 - g | 2 | 1 1 386 386 | 1 1 | 0.927 -1.366 0.482 | 0.821 0.430 -1.699 0.000 |
152 | 21 - g | 2 | 1 1 386 386 | 1 1 | 0.179 -2.625 -0.157 | 0.176 -0.028 -1.227 0.000 |
153 | 21 - g | 2 | 1 1 386 386 | 1 1 | 1.025 -1.919 2.701 | -0.927 0.437 -3.418 -0.000 |
154 | 21 - g | 2 | 3 3 386 386 | 1 1 | 2.644 -2.378 2.326 | -1.812 1.925 -14.137 0.000 |
155 | 21 - g | 2 | 3 3 386 386 | 1 1 | 1.662 -2.211 2.398 | -1.224 1.125 -7.493 -0.000 |
156 | 21 - g | 2 | 3 3 386 386 | 1 1 | 0.513 -3.438 -2.835 | -0.489 -0.155 -7.976 0.000 |
157 | 21 - g | 2 | 1 1 386 386 | 1 1 | 1.527 -3.443 -2.540 | -1.259 -0.864 -23.858 0.000 |
158 | 21 - g | 2 | 1 1 386 386 | 1 1 | 3.983 -2.677 -2.166 | -2.234 -3.297 -28.814 -0.000 |
159 | 21 - g | 2 | 3 3 386 386 | 1 1 | 0.719 -2.546 -1.799 | -0.163 -0.700 -4.559 0.000 |
160 | 21 - g | 2 | 1 1 386 386 | 1 1 | 0.411 -2.738 -1.700 | -0.053 -0.407 -3.158 0.000 |
161 | 21 - g | 2 | 1 1 386 386 | 1 1 | 2.953 -2.549 1.821 | -0.731 2.861 -18.785 0.000 |
162 | 2 - u | 2 | 3 3 386 386 | 1 1 | 4.030 -1.857 -2.242 | -2.507 -3.156 -12.589 0.330 |
163 | 21 - g | 2 | 3 3 386 386 | 1 1 | 5.854 -1.674 -2.665 | -5.202 -2.684 -15.062 -0.000 |
164 | 21 - g | 2 | 3 3 386 386 | 1 1 | 1.571 -1.339 -2.837 | -1.499 -0.471 -2.790 0.000 |
165 | 21 - g | 2 | 3 3 386 386 | 1 1 | 1.167 -1.631 -2.592 | -0.995 -0.609 -2.868 -0.000 |
166 | 21 - g | 2 | 3 3 386 386 | 1 1 | 2.415 -2.200 -2.950 | -2.371 -0.460 -10.770 -0.000 |
167 | 21 - g | 2 | 3 3 386 386 | 1 1 | 4.461 -2.377 -0.880 | 2.843 -3.438 -23.819 -0.000 |
168 | 21 - g | 2 | 3 3 386 386 | 1 1 | 0.901 -2.022 -1.091 | 0.416 -0.799 -3.343 0.000 |
169 | 21 - g | 2 | 3 3 386 386 | 1 1 | 1.206 -1.905 -0.994 | 0.658 -1.011 -3.961 0.000 |
170 | 21 - g | 2 | 3 3 386 386 | 1 1 | 0.367 -1.451 -1.773 | -0.074 -0.359 -0.740 -0.000 |
171 | 21 - g | 2 | 1 1 386 386 | 1 1 | 0.567 -0.620 -2.895 | -0.550 -0.139 -0.375 0.000 |
172 | 21 - g | 2 | 1 1 386 386 | 1 1 | 1.006 -0.650 -1.016 | 0.530 -0.855 -0.701 -0.000 |
173 | 21 - g | 2 | 0 0 386 386 | 1 1 | 0.636 -0.977 -1.331 | 0.151 -0.618 -0.725 0.000 |
174 | 21 - g | 2 | 1 1 386 386 | 1 1 | 0.599 -0.840 -1.773 | -0.120 -0.586 -0.564 0.000 |
175 | 21 - g | 2 | 1 1 386 386 | 1 1 | 0.427 0.183 -2.913 | -0.416 -0.097 0.079 -0.000 |
176 | 21 - g | 2 | 1 1 386 386 | 1 1 | 1.004 0.390 -2.925 | -0.981 -0.216 0.402 -0.000 |
177 | 21 - g | 2 | 1 1 386 386 | 1 1 | 0.286 0.574 -1.863 | -0.082 -0.274 0.173 0.000 |
178 | 21 - g | 2 | 0 0 386 386 | 1 1 | 1.179 0.522 -0.912 | 0.722 -0.932 0.644 0.000 |
179 | 21 - g | 2 | 1 1 386 386 | 1 1 | 1.029 0.743 -0.284 | 0.988 -0.288 0.837 0.000 |
180 | 88 - junction | 51 | 1 1 386 386 | 1 1 | 0.000 0.000 0.000 | 0.000 0.000 0.000 0.000 |
181 | 2 - u | 2 | 1 1 386 386 | 1 1 | 0.110 -10.441 0.314 | 0.105 0.034 -1887.054 0.000 |
182 | 92 - string | 2 | 9 15 183 186 | 7 4 | 1.462 -6.504 0.625 | 1.185 0.856 -487.970 4.356 |
183 | 213 - rho+ | 2 | 182 182 429 430 | 1 2 | 0.984 -6.095 1.211 | 0.346 0.921 -218.257 0.780 |
184 | 113 - rho0 | 2 | 182 182 431 432 | 1 2 | 0.745 -6.037 0.090 | 0.742 0.067 -155.811 0.750 |
185 | 223 - omega | 2 | 182 182 433 434 | 1 2 | 0.624 -4.862 -1.421 | 0.093 -0.617 -40.307 0.797 |
186 | -211 - pi- | 1 | 182 182 -1 -1 | 1 0 | 0.484 -5.716 1.562 | 0.004 0.484 -73.596 0.140 |
187 | 92 - string | 2 | 16 38 188 226 | 23 39 | 5.401 -3.116 -2.733 | -4.957 -2.144 -60.802 170.811 |
188 | 111 - pi0 | 2 | 187 187 435 436 | 1 2 | 1.075 1.553 -1.039 | 0.545 -0.927 2.426 0.135 |
189 | 113 - rho0 | 2 | 187 187 437 438 | 1 2 | 0.877 2.092 -2.532 | -0.719 -0.502 3.499 0.765 |
190 | 213 - rho+ | 2 | 187 187 439 440 | 1 2 | 0.543 1.440 -0.688 | 0.420 -0.345 1.082 0.805 |
191 | 113 - rho0 | 2 | 187 187 441 442 | 1 2 | 0.549 1.546 -1.170 | 0.214 -0.505 1.230 1.032 |
192 | -211 - pi- | 1 | 187 187 -1 -1 | 1 0 | 0.297 1.308 -2.937 | -0.291 -0.061 0.510 0.140 |
193 | 2224 - Delta++ | 2 | 187 187 443 444 | 1 2 | 0.613 -0.572 -0.543 | 0.525 -0.316 -0.370 1.172 |
194 | 223 - omega | 2 | 187 187 445 447 | 1 3 | 0.092 -2.773 1.364 | 0.019 0.090 -0.734 0.788 |
195 | -3224 - Sigma*bar- | 2 | 187 187 448 449 | 1 2 | 0.653 -1.858 -2.427 | -0.494 -0.428 -2.043 1.389 |
196 | -311 - Kbar0 | 2 | 187 187 450 450 | 1 1 | 0.232 -3.567 -2.475 | -0.182 -0.143 -4.103 0.498 |
197 | 111 - pi0 | 2 | 187 187 451 452 | 1 2 | 1.119 -0.862 -1.347 | 0.249 -1.091 -1.088 0.135 |
198 | 221 - eta | 2 | 187 187 453 454 | 1 2 | 1.987 -2.827 -2.104 | -1.009 -1.711 -16.731 0.547 |
199 | 113 - rho0 | 2 | 187 187 455 456 | 1 2 | 1.465 -2.456 -1.639 | -0.101 -1.462 -8.483 0.951 |
200 | -211 - pi- | 1 | 187 187 -1 -1 | 1 0 | 0.658 -2.325 -2.916 | -0.642 -0.147 -3.336 0.140 |
201 | 111 - pi0 | 2 | 187 187 457 458 | 1 2 | 0.440 -2.960 2.966 | -0.433 0.077 -4.235 0.135 |
202 | 211 - pi+ | 1 | 187 187 -1 -1 | 1 0 | 0.569 -3.306 -0.760 | 0.412 -0.392 -7.747 0.140 |
203 | 113 - rho0 | 2 | 187 187 459 460 | 1 2 | 0.155 -3.057 -1.900 | -0.050 -0.147 -1.650 0.528 |
204 | 2112 - n0 | 1 | 187 187 -1 -1 | 1 0 | 0.743 -3.991 2.034 | -0.332 0.664 -20.080 0.940 |
205 | 211 - pi+ | 1 | 187 187 -1 -1 | 1 0 | 0.377 -2.889 -3.103 | -0.376 -0.014 -3.373 0.140 |
206 | -3222 - Sigmabar- | 1 | 187 187 -1 -1 | 1 0 | 1.081 -3.460 0.675 | 0.844 0.676 -17.186 1.189 |
207 | -323 - K*- | 2 | 187 187 461 462 | 1 2 | 1.180 -2.752 -3.128 | -1.180 -0.016 -9.207 0.936 |
208 | 321 - K+ | 1 | 187 187 -1 -1 | 1 0 | 0.156 -3.622 0.762 | 0.113 0.107 -2.910 0.494 |
209 | -313 - K*bar0 | 2 | 187 187 463 464 | 1 2 | 1.320 -2.742 -2.946 | -1.294 -0.257 -10.195 0.890 |
210 | 111 - pi0 | 2 | 187 187 465 466 | 1 2 | 0.284 -1.468 0.143 | 0.281 0.040 -0.584 0.135 |
211 | 2112 - n0 | 1 | 187 187 -1 -1 | 1 0 | 0.909 -1.018 2.469 | -0.711 0.566 -1.094 0.940 |
212 | -2212 - pbar- | 1 | 187 187 -1 -1 | 1 0 | 1.319 -0.885 -2.904 | -1.282 -0.311 -1.326 0.938 |
213 | 323 - K*+ | 2 | 187 187 467 468 | 1 2 | 1.272 0.005 2.138 | -0.684 1.073 0.006 0.904 |
214 | -313 - K*bar0 | 2 | 187 187 469 470 | 1 2 | 0.104 4.390 1.235 | 0.034 0.098 4.195 0.906 |
215 | 223 - omega | 2 | 187 187 471 472 | 1 2 | 0.348 3.226 0.892 | 0.218 0.271 4.373 0.774 |
216 | -211 - pi- | 1 | 187 187 -1 -1 | 1 0 | 0.118 3.217 2.844 | -0.113 0.034 1.466 0.140 |
217 | 211 - pi+ | 1 | 187 187 -1 -1 | 1 0 | 0.142 2.556 -2.966 | -0.140 -0.025 0.912 0.140 |
218 | -211 - pi- | 1 | 187 187 -1 -1 | 1 0 | 0.128 0.914 -0.304 | 0.122 -0.038 0.134 0.140 |
219 | 113 - rho0 | 2 | 187 187 473 474 | 1 2 | 0.328 3.274 1.864 | -0.095 0.314 4.324 0.747 |
220 | 213 - rho+ | 2 | 187 187 475 476 | 1 2 | 0.926 2.079 1.380 | 0.176 0.909 3.647 0.723 |
221 | -213 - rho- | 2 | 187 187 477 478 | 1 2 | 1.287 3.127 1.414 | 0.201 1.271 14.653 0.904 |
222 | 111 - pi0 | 2 | 187 187 479 480 | 1 2 | 0.244 0.078 -3.078 | -0.244 -0.015 0.019 0.135 |
223 | 213 - rho+ | 2 | 187 187 481 482 | 1 2 | 0.542 3.129 3.111 | -0.542 0.017 6.188 0.798 |
224 | 113 - rho0 | 2 | 187 187 483 484 | 1 2 | 0.942 2.183 0.654 | 0.748 0.573 4.124 0.734 |
225 | 113 - rho0 | 2 | 187 187 485 486 | 1 2 | 0.519 1.169 -0.598 | 0.429 -0.292 0.754 0.623 |
226 | -211 - pi- | 1 | 187 187 -1 -1 | 1 0 | 0.464 2.230 0.494 | 0.408 0.220 2.130 0.140 |
227 | 92 - string | 2 | 39 41 228 239 | 3 12 | 8.236 6.396 -0.945 | 4.824 -6.676 2469.273 136.237 |
228 | 2112 - n0 | 1 | 227 227 -1 -1 | 1 0 | 0.294 9.544 1.807 | -0.069 0.285 2050.062 0.940 |
229 | 331 - eta' | 2 | 227 227 487 489 | 1 3 | 0.215 7.340 -1.297 | 0.058 -0.207 165.669 0.958 |
230 | 213 - rho+ | 2 | 227 227 490 491 | 1 2 | 0.242 7.332 2.932 | -0.236 0.050 184.697 0.724 |
231 | -211 - pi- | 1 | 227 227 -1 -1 | 1 0 | 0.130 5.322 -1.601 | -0.004 -0.130 13.294 0.140 |
232 | 113 - rho0 | 2 | 227 227 492 493 | 1 2 | 0.423 4.599 -1.291 | 0.117 -0.406 21.003 0.773 |
233 | 213 - rho+ | 2 | 227 227 494 495 | 1 2 | 0.648 3.689 0.638 | 0.521 0.386 12.968 0.716 |
234 | 111 - pi0 | 2 | 227 227 496 497 | 1 2 | 0.324 4.025 -2.684 | -0.290 -0.143 9.054 0.135 |
235 | -321 - K- | 1 | 227 227 -1 -1 | 1 0 | 0.396 2.668 0.257 | 0.383 0.101 2.841 0.494 |
236 | 221 - eta | 2 | 227 227 498 499 | 1 2 | 0.894 0.550 -1.616 | -0.041 -0.893 0.517 0.547 |
237 | 323 - K*+ | 2 | 227 227 500 501 | 1 2 | 3.392 1.175 -0.931 | 2.026 -2.720 4.969 0.883 |
238 | -213 - rho- | 2 | 227 227 502 503 | 1 2 | 3.091 0.828 -1.033 | 1.583 -2.655 2.862 0.842 |
239 | 223 - omega | 2 | 227 227 504 506 | 1 3 | 0.850 1.236 -0.418 | 0.777 -0.344 1.338 0.795 |
240 | 92 - string | 2 | 42 44 241 244 | 3 4 | 40.697 -0.661 0.010 | 40.696 0.393 -28.919 3.414 |
241 | -211 - pi- | 1 | 240 240 -1 -1 | 1 0 | 2.713 -0.666 0.107 | 2.697 0.290 -1.942 0.140 |
242 | 211 - pi+ | 1 | 240 240 -1 -1 | 1 0 | 16.004 -0.600 0.014 | 16.003 0.219 -10.193 0.140 |
243 | -213 - rho- | 2 | 240 240 507 508 | 1 2 | 8.330 -0.711 -0.039 | 8.323 -0.323 -6.438 0.876 |
244 | 213 - rho+ | 2 | 240 240 509 510 | 1 2 | 13.674 -0.698 0.015 | 13.672 0.206 -10.347 0.773 |
245 | 92 - string | 2 | 45 47 246 252 | 3 7 | 36.736 -0.827 0.089 | 36.590 3.273 -33.948 7.782 |
246 | -211 - pi- | 1 | 245 245 -1 -1 | 1 0 | 2.006 -0.941 0.364 | 1.874 0.715 -2.179 0.140 |
247 | 111 - pi0 | 2 | 245 245 511 512 | 1 2 | 4.765 -0.843 0.267 | 4.595 1.259 -4.510 0.135 |
248 | 213 - rho+ | 2 | 245 245 513 514 | 1 2 | 6.560 -0.878 0.188 | 6.445 1.223 -6.533 1.137 |
249 | 113 - rho0 | 2 | 245 245 515 516 | 1 2 | 3.131 -0.831 0.228 | 3.050 0.709 -2.912 0.777 |
250 | 223 - omega | 2 | 245 245 517 519 | 1 3 | 7.330 -0.765 0.024 | 7.328 0.176 -6.171 0.781 |
251 | 223 - omega | 2 | 245 245 520 522 | 1 3 | 10.274 -0.808 -0.089 | 10.234 -0.916 -9.234 0.775 |
252 | -213 - rho- | 2 | 245 245 523 524 | 1 2 | 3.067 -0.721 0.035 | 3.065 0.108 -2.409 0.754 |
253 | 92 - string | 2 | 48 100 254 329 | 53 76 | 515.687 -0.187 -0.024 | 515.543 -12.186 -97.051 712.103 |
254 | 113 - rho0 | 2 | 253 253 525 526 | 1 2 | 7.695 0.565 1.458 | 0.868 7.645 4.586 0.734 |
255 | 211 - pi+ | 1 | 253 253 -1 -1 | 1 0 | 9.879 0.491 1.438 | 1.312 9.791 5.046 0.140 |
256 | -211 - pi- | 1 | 253 253 -1 -1 | 1 0 | 2.509 0.222 1.351 | 0.548 2.448 0.561 0.140 |
257 | 213 - rho+ | 2 | 253 253 527 528 | 1 2 | 9.796 0.519 1.356 | 2.088 9.570 5.314 0.517 |
258 | -213 - rho- | 2 | 253 253 529 530 | 1 2 | 2.016 0.481 1.675 | -0.210 2.005 1.008 0.929 |
259 | 111 - pi0 | 2 | 253 253 531 532 | 1 2 | 2.294 0.851 0.958 | 1.319 1.877 2.196 0.135 |
260 | 223 - omega | 2 | 253 253 533 535 | 1 3 | 0.509 1.174 1.303 | 0.134 0.491 0.744 0.775 |
261 | 211 - pi+ | 1 | 253 253 -1 -1 | 1 0 | 0.339 0.636 1.598 | -0.009 0.339 0.231 0.140 |
262 | -213 - rho- | 2 | 253 253 536 537 | 1 2 | 0.475 2.505 0.775 | 0.339 0.332 2.887 0.811 |
263 | -313 - K*bar0 | 2 | 253 253 538 539 | 1 2 | 0.835 2.015 0.433 | 0.758 0.350 3.074 0.900 |
264 | 313 - K*0 | 2 | 253 253 540 541 | 1 2 | 1.177 2.683 -0.200 | 1.154 -0.234 8.572 0.892 |
265 | 211 - pi+ | 1 | 253 253 -1 -1 | 1 0 | 0.367 2.060 -0.388 | 0.339 -0.139 1.415 0.140 |
266 | 223 - omega | 2 | 253 253 542 544 | 1 3 | 0.488 3.238 -3.124 | -0.488 -0.008 6.209 0.781 |
267 | -2114 - Deltabar0 | 2 | 253 253 545 546 | 1 2 | 1.412 3.568 -0.273 | 1.360 -0.381 24.994 1.271 |
268 | 3114 - Sigma*- | 2 | 253 253 547 548 | 1 2 | 1.345 3.499 -1.015 | 0.710 -1.142 22.222 1.384 |
269 | 323 - K*+ | 2 | 253 253 549 550 | 1 2 | 1.644 3.299 -1.370 | 0.328 -1.611 22.225 0.863 |
270 | -211 - pi- | 1 | 253 253 -1 -1 | 1 0 | 0.425 2.520 -1.403 | 0.071 -0.419 2.620 0.140 |
271 | 213 - rho+ | 2 | 253 253 551 552 | 1 2 | 1.431 3.439 -1.680 | -0.157 -1.423 22.272 0.675 |
272 | -323 - K*- | 2 | 253 253 553 554 | 1 2 | 0.546 3.581 -2.468 | -0.427 -0.340 9.797 0.929 |
273 | 311 - K0 | 2 | 253 253 555 555 | 1 1 | 0.352 3.610 -1.194 | 0.130 -0.328 6.507 0.498 |
274 | -2112 - nbar0 | 1 | 253 253 -1 -1 | 1 0 | 0.907 3.199 -1.211 | 0.319 -0.849 11.099 0.940 |
275 | 2112 - n0 | 1 | 253 253 -1 -1 | 1 0 | 0.256 3.578 -1.830 | -0.066 -0.248 4.585 0.940 |
276 | 223 - omega | 2 | 253 253 556 558 | 1 3 | 1.272 2.917 -0.355 | 1.193 -0.442 11.721 0.788 |
277 | 331 - eta' | 2 | 253 253 559 561 | 1 3 | 0.166 3.356 -2.780 | -0.156 -0.059 2.383 0.958 |
278 | -311 - Kbar0 | 2 | 253 253 562 562 | 1 1 | 0.565 0.296 2.807 | -0.534 0.186 0.170 0.498 |
279 | 321 - K+ | 1 | 253 253 -1 -1 | 1 0 | 0.100 -1.263 2.689 | -0.090 0.044 -0.163 0.494 |
280 | -2212 - pbar- | 1 | 253 253 -1 -1 | 1 0 | 0.970 0.572 3.035 | -0.965 0.104 0.586 0.938 |
281 | 3122 - Lambda0 | 1 | 253 253 -1 -1 | 1 0 | 0.644 1.079 -0.947 | 0.376 -0.523 0.839 1.116 |
282 | 311 - K0 | 2 | 253 253 563 563 | 1 1 | 0.600 -0.151 2.876 | -0.579 0.158 -0.091 0.498 |
283 | 213 - rho+ | 2 | 253 253 564 565 | 1 2 | 0.383 -0.991 -2.133 | -0.204 -0.324 -0.445 0.812 |
284 | -321 - K- | 1 | 253 253 -1 -1 | 1 0 | 0.725 -2.011 1.140 | 0.302 0.659 -2.660 0.494 |
285 | 333 - phi | 2 | 253 253 566 567 | 1 2 | 0.042 -4.699 -0.800 | 0.029 -0.030 -2.317 1.021 |
286 | 311 - K0 | 2 | 253 253 568 568 | 1 1 | 1.054 -1.783 -0.576 | 0.884 -0.575 -3.048 0.498 |
287 | -1114 - Deltabar+ | 2 | 253 253 569 570 | 1 2 | 0.495 -2.295 0.239 | 0.481 0.117 -2.430 1.263 |
288 | 313 - K*0 | 2 | 253 253 571 572 | 1 2 | 1.310 -1.945 0.222 | 1.278 0.288 -4.488 0.868 |
289 | 3312 - Xi- | 1 | 253 253 -1 -1 | 1 0 | 0.937 -1.985 1.342 | 0.213 0.912 -3.344 1.321 |
290 | 323 - K*+ | 2 | 253 253 573 574 | 1 2 | 1.053 -0.575 1.080 | 0.496 0.929 -0.639 0.915 |
291 | -213 - rho- | 2 | 253 253 575 576 | 1 2 | 3.070 -0.187 0.747 | 2.253 2.086 -0.577 0.592 |
292 | -2112 - nbar0 | 1 | 253 253 -1 -1 | 1 0 | 4.984 0.129 0.872 | 3.206 3.815 0.645 0.940 |
293 | 2212 - p+ | 1 | 253 253 -1 -1 | 1 0 | 11.690 -0.014 0.831 | 7.882 8.633 -0.166 0.938 |
294 | -3212 - Sigmabar0 | 2 | 253 253 577 578 | 1 2 | 13.161 0.100 0.927 | 7.903 10.523 1.315 1.193 |
295 | 3112 - Sigma- | 1 | 253 253 -1 -1 | 1 0 | 20.980 0.047 0.886 | 13.275 16.246 0.991 1.197 |
296 | 213 - rho+ | 2 | 253 253 579 580 | 1 2 | 6.625 0.095 0.963 | 3.781 5.440 0.628 0.757 |
297 | -213 - rho- | 2 | 253 253 581 582 | 1 2 | 26.866 -0.000 0.976 | 15.064 22.245 -0.004 0.678 |
298 | 213 - rho+ | 2 | 253 253 583 584 | 1 2 | 7.750 0.078 0.995 | 4.218 6.502 0.605 0.710 |
299 | 221 - eta | 2 | 253 253 585 587 | 1 3 | 12.889 -0.003 0.928 | 7.730 10.314 -0.034 0.547 |
300 | 223 - omega | 2 | 253 253 588 590 | 1 3 | 17.202 -0.010 0.997 | 9.336 14.448 -0.166 0.769 |
301 | -211 - pi- | 1 | 253 253 -1 -1 | 1 0 | 0.643 0.047 -0.045 | 0.642 -0.029 0.030 0.140 |
302 | 113 - rho0 | 2 | 253 253 591 592 | 1 2 | 0.773 -0.180 0.545 | 0.661 0.401 -0.140 0.905 |
303 | 211 - pi+ | 1 | 253 253 -1 -1 | 1 0 | 0.392 -0.880 0.658 | 0.310 0.240 -0.392 0.140 |
304 | 221 - eta | 2 | 253 253 593 595 | 1 3 | 2.360 0.079 0.684 | 1.829 1.492 0.186 0.547 |
305 | -213 - rho- | 2 | 253 253 596 597 | 1 2 | 1.898 -0.722 -0.449 | 1.709 -0.824 -1.493 0.604 |
306 | 111 - pi0 | 2 | 253 253 598 599 | 1 2 | 2.106 -0.837 -0.442 | 1.904 -0.901 -1.976 0.135 |
307 | 211 - pi+ | 1 | 253 253 -1 -1 | 1 0 | 1.100 -0.776 -0.340 | 1.037 -0.367 -0.942 0.140 |
308 | -323 - K*- | 2 | 253 253 600 601 | 1 2 | 4.602 -0.667 -0.537 | 3.953 -2.355 -3.301 0.881 |
309 | 333 - phi | 2 | 253 253 602 603 | 1 2 | 6.744 -0.806 -0.408 | 6.192 -2.674 -6.045 1.018 |
310 | 323 - K*+ | 2 | 253 253 604 605 | 1 2 | 19.056 -0.591 -0.373 | 17.746 -6.944 -11.920 0.888 |
311 | 113 - rho0 | 2 | 253 253 606 607 | 1 2 | 11.545 -0.546 -0.341 | 10.879 -3.865 -6.625 0.732 |
312 | -213 - rho- | 2 | 253 253 608 609 | 1 2 | 11.299 -0.598 -0.331 | 10.685 -3.676 -7.164 0.918 |
313 | 211 - pi+ | 1 | 253 253 -1 -1 | 1 0 | 6.982 -0.486 -0.409 | 6.407 -2.776 -3.531 0.140 |
314 | -213 - rho- | 2 | 253 253 610 611 | 1 2 | 11.029 -0.552 -0.414 | 10.097 -4.437 -6.398 0.819 |
315 | 111 - pi0 | 2 | 253 253 612 613 | 1 2 | 68.863 -0.548 -0.347 | 64.759 -23.418 -39.656 0.135 |
316 | 211 - pi+ | 1 | 253 253 -1 -1 | 1 0 | 15.444 -0.506 -0.330 | 14.611 -5.005 -8.146 0.140 |
317 | 113 - rho0 | 2 | 253 253 614 615 | 1 2 | 15.782 -0.567 -0.349 | 14.830 -5.399 -9.440 0.524 |
318 | -211 - pi- | 1 | 253 253 -1 -1 | 1 0 | 16.017 -0.533 -0.303 | 15.289 -4.775 -8.948 0.140 |
319 | -311 - Kbar0 | 2 | 253 253 616 616 | 1 1 | 30.529 -0.554 -0.305 | 29.121 -9.164 -17.787 0.498 |
320 | 321 - K+ | 1 | 253 253 -1 -1 | 1 0 | 7.402 -0.554 -0.312 | 7.044 -2.275 -4.313 0.494 |
321 | 111 - pi0 | 2 | 253 253 617 618 | 1 2 | 6.106 -0.556 -0.357 | 5.721 -2.134 -3.572 0.135 |
322 | -213 - rho- | 2 | 253 253 619 620 | 1 2 | 68.532 -0.549 -0.295 | 65.566 -19.941 -39.509 0.960 |
323 | 111 - pi0 | 2 | 253 253 621 622 | 1 2 | 9.886 -0.563 -0.344 | 9.306 -3.337 -5.869 0.135 |
324 | 211 - pi+ | 1 | 253 253 -1 -1 | 1 0 | 29.860 -0.562 -0.286 | 28.649 -8.419 -17.685 0.140 |
325 | -2224 - Deltabar-- | 2 | 253 253 623 624 | 1 2 | 69.626 -0.541 -0.296 | 66.589 -20.339 -39.564 1.222 |
326 | 211 - pi+ | 1 | 253 253 -1 -1 | 1 0 | 1.955 -0.660 -0.161 | 1.929 -0.314 -1.387 0.140 |
327 | 2212 - p+ | 1 | 253 253 -1 -1 | 1 0 | 20.163 -0.564 -0.318 | 19.153 -6.301 -11.989 0.938 |
328 | 111 - pi0 | 2 | 253 253 625 626 | 1 2 | 0.675 -0.816 -0.329 | 0.639 -0.218 -0.615 0.135 |
329 | 111 - pi0 | 2 | 253 253 627 628 | 1 2 | 11.179 -0.540 -0.352 | 10.492 -3.858 -6.335 0.135 |
330 | 92 - string | 2 | 101 116 331 348 | 16 18 | 443.845 -0.891 3.075 | -442.861 29.532 -450.081 133.389 |
331 | -411 - D- | 2 | 330 330 629 630 | 1 2 | 116.100 -0.890 3.042 | -115.530 11.490 -117.512 1.869 |
332 | 221 - eta | 2 | 330 330 631 632 | 1 2 | 105.664 -0.891 3.036 | -105.079 11.104 -107.119 0.547 |
333 | -313 - K*bar0 | 2 | 330 330 633 634 | 1 2 | 46.339 -0.862 3.073 | -46.231 3.168 -45.073 0.922 |
334 | 321 - K+ | 1 | 330 330 -1 -1 | 1 0 | 41.387 -0.878 3.047 | -41.201 3.918 -41.213 0.494 |
335 | -321 - K- | 1 | 330 330 -1 -1 | 1 0 | 32.308 -0.850 3.037 | -32.130 3.383 -30.873 0.494 |
336 | -3222 - Sigmabar- | 1 | 330 330 -1 -1 | 1 0 | 19.805 -0.865 3.058 | -19.737 1.647 -19.344 1.189 |
337 | 213 - rho+ | 2 | 330 330 635 636 | 1 2 | 14.346 -0.901 3.033 | -14.261 1.560 -14.737 0.868 |
338 | 2114 - Delta0 | 2 | 330 330 637 638 | 1 2 | 13.025 -0.939 3.106 | -13.017 0.457 -14.108 1.274 |
339 | -313 - K*bar0 | 2 | 330 330 639 640 | 1 2 | 18.485 -1.006 -3.064 | -18.430 -1.429 -21.907 0.867 |
340 | 321 - K+ | 1 | 330 330 -1 -1 | 1 0 | 7.786 -0.938 -3.029 | -7.737 -0.876 -8.421 0.494 |
341 | -213 - rho- | 2 | 330 330 641 642 | 1 2 | 23.813 -0.962 -3.059 | -23.733 -1.959 -26.606 0.742 |
342 | 223 - omega | 2 | 330 330 643 645 | 1 3 | 5.611 -1.009 -3.009 | -5.561 -0.740 -6.671 0.832 |
343 | -2112 - nbar0 | 1 | 330 330 -1 -1 | 1 0 | 0.867 -0.541 2.481 | -0.685 0.531 -0.493 0.940 |
344 | 211 - pi+ | 1 | 330 330 -1 -1 | 1 0 | 0.601 -0.957 -2.105 | -0.306 -0.517 -0.666 0.140 |
345 | 2112 - n0 | 1 | 330 330 -1 -1 | 1 0 | 0.449 -1.193 -2.478 | -0.353 -0.277 -0.672 0.940 |
346 | -213 - rho- | 2 | 330 330 646 647 | 1 2 | 0.516 1.662 2.236 | -0.318 0.406 1.310 0.754 |
347 | -2112 - nbar0 | 1 | 330 330 -1 -1 | 1 0 | 1.488 0.778 -1.043 | 0.750 -1.286 1.279 0.940 |
348 | 2212 - p+ | 1 | 330 330 -1 -1 | 1 0 | 1.260 1.521 -0.984 | 0.697 -1.049 2.746 0.938 |
349 | 92 - string | 2 | 117 129 350 365 | 13 16 | 135.222 -0.962 -3.107 | -135.141 -4.691 -151.189 40.995 |
350 | 413 - D*+ | 2 | 349 349 648 649 | 1 2 | 36.895 -0.916 3.125 | -36.890 0.623 -38.730 2.010 |
351 | 221 - eta | 2 | 349 349 650 651 | 1 2 | 10.419 -0.899 3.082 | -10.401 0.616 -10.681 0.547 |
352 | 113 - rho0 | 2 | 349 349 652 653 | 1 2 | 22.518 -0.946 3.110 | -22.507 0.703 -24.615 0.825 |
353 | 2112 - n0 | 1 | 349 349 -1 -1 | 1 0 | 12.638 -0.903 3.135 | -12.637 0.082 -13.035 0.940 |
354 | -213 - rho- | 2 | 349 349 654 655 | 1 2 | 19.570 -0.893 3.064 | -19.511 1.514 -19.884 0.742 |
355 | -2112 - nbar0 | 1 | 349 349 -1 -1 | 1 0 | 4.089 -0.924 3.130 | -4.089 0.048 -4.337 0.940 |
356 | 213 - rho+ | 2 | 349 349 656 657 | 1 2 | 5.841 -0.988 -3.052 | -5.818 -0.523 -6.759 0.793 |
357 | 2112 - n0 | 1 | 349 349 -1 -1 | 1 0 | 7.878 -0.890 -2.781 | -7.370 -2.783 -7.975 0.940 |
358 | -2212 - pbar- | 1 | 349 349 -1 -1 | 1 0 | 6.657 -0.798 -3.058 | -6.634 -0.554 -5.897 0.938 |
359 | 2212 - p+ | 1 | 349 349 -1 -1 | 1 0 | 1.795 -0.793 -3.078 | -1.791 -0.113 -1.576 0.938 |
360 | -2212 - pbar- | 1 | 349 349 -1 -1 | 1 0 | 2.624 -1.000 -2.691 | -2.362 -1.142 -3.084 0.938 |
361 | 213 - rho+ | 2 | 349 349 658 659 | 1 2 | 2.757 -1.165 -2.716 | -2.511 -1.139 -3.989 0.732 |
362 | 113 - rho0 | 2 | 349 349 660 661 | 1 2 | 1.172 -0.829 -2.520 | -0.953 -0.682 -1.087 0.704 |
363 | 331 - eta' | 2 | 349 349 662 664 | 1 3 | 0.966 -1.137 2.921 | -0.943 0.212 -1.351 0.958 |
364 | 311 - K0 | 2 | 349 349 665 665 | 1 1 | 1.588 -1.942 -2.335 | -1.099 -1.146 -5.420 0.498 |
365 | -321 - K- | 1 | 349 349 -1 -1 | 1 0 | 0.550 -2.319 -0.827 | 0.372 -0.405 -2.769 0.494 |
366 | 92 - string | 2 | 130 134 367 371 | 5 5 | 1.414 5.459 0.785 | 1.000 0.999 165.981 6.663 |
367 | -313 - K*bar0 | 2 | 366 366 666 667 | 1 2 | 1.597 4.141 2.097 | -0.802 1.381 50.215 0.862 |
368 | 113 - rho0 | 2 | 366 366 668 669 | 1 2 | 0.518 4.696 2.404 | -0.383 0.348 28.351 0.745 |
369 | 113 - rho0 | 2 | 366 366 670 671 | 1 2 | 0.528 4.089 1.006 | 0.283 0.446 15.747 0.835 |
370 | -211 - pi- | 1 | 366 366 -1 -1 | 1 0 | 0.286 4.970 1.592 | -0.006 0.286 20.594 0.140 |
371 | 321 - K+ | 1 | 366 366 -1 -1 | 1 0 | 2.405 3.750 -0.654 | 1.909 -1.462 51.074 0.494 |
372 | 92 - string | 2 | 135 141 373 379 | 7 7 | 3.877 5.944 1.448 | 0.474 3.848 739.502 4.981 |
373 | 213 - rho+ | 2 | 372 372 672 673 | 1 2 | 1.158 5.978 0.870 | 0.747 0.885 228.511 0.739 |
374 | -211 - pi- | 1 | 372 372 -1 -1 | 1 0 | 0.130 4.907 2.386 | -0.095 0.089 8.782 0.140 |
375 | 213 - rho+ | 2 | 372 372 674 675 | 1 2 | 1.144 5.702 1.114 | 0.505 1.026 171.263 0.679 |
376 | -211 - pi- | 1 | 372 372 -1 -1 | 1 0 | 0.046 6.537 0.179 | 0.045 0.008 15.954 0.140 |
377 | 213 - rho+ | 2 | 372 372 676 677 | 1 2 | 1.559 5.313 2.047 | -0.715 1.386 158.274 0.834 |
378 | -213 - rho- | 2 | 372 372 678 679 | 1 2 | 0.457 6.308 0.743 | 0.336 0.309 125.284 0.637 |
379 | 111 - pi0 | 2 | 372 372 680 681 | 1 2 | 0.378 5.113 2.749 | -0.349 0.145 31.433 0.135 |
380 | 92 - string | 2 | 142 145 381 382 | 4 2 | 2.953 1.950 0.840 | 1.972 2.199 10.174 1.965 |
381 | -211 - pi- | 1 | 380 380 -1 -1 | 1 0 | 1.133 1.490 1.560 | 0.012 1.132 2.384 0.140 |
382 | 213 - rho+ | 2 | 380 380 682 683 | 1 2 | 2.231 1.963 0.498 | 1.960 1.067 7.790 0.682 |
383 | 92 - string | 2 | 146 149 384 385 | 4 2 | 3.856 1.344 3.096 | -3.852 0.176 6.890 1.738 |
384 | 211 - pi+ | 1 | 383 383 -1 -1 | 1 0 | 3.914 1.302 3.038 | -3.893 0.407 6.667 0.140 |
385 | -211 - pi- | 1 | 383 383 -1 -1 | 1 0 | 0.234 0.849 -1.394 | 0.041 -0.231 0.224 0.140 |
386 | 92 - string | 2 | 150 181 387 428 | 32 42 | 21.956 -5.245 -2.353 | -15.473 -15.577 -2081.861 232.049 |
387 | 2214 - Delta+ | 2 | 386 386 684 685 | 1 2 | 0.901 -2.375 0.026 | 0.901 0.023 -4.800 1.340 |
388 | 213 - rho+ | 2 | 386 386 686 687 | 1 2 | 0.319 -3.240 0.632 | 0.257 0.188 -4.062 0.851 |
389 | -2224 - Deltabar-- | 2 | 386 386 688 689 | 1 2 | 2.976 -2.132 2.289 | -1.959 2.241 -12.368 1.106 |
390 | 323 - K*+ | 2 | 386 386 690 691 | 1 2 | 1.350 -3.114 3.007 | -1.338 0.181 -15.163 0.914 |
391 | 3122 - Lambda0 | 1 | 386 386 -1 -1 | 1 0 | 1.133 -3.347 -2.699 | -1.024 -0.485 -16.084 1.116 |
392 | -2212 - pbar- | 1 | 386 386 -1 -1 | 1 0 | 1.286 -2.656 -2.361 | -0.913 -0.905 -9.110 0.938 |
393 | 211 - pi+ | 1 | 386 386 -1 -1 | 1 0 | 0.847 -2.421 2.850 | -0.811 0.244 -4.730 0.140 |
394 | -213 - rho- | 2 | 386 386 692 693 | 1 2 | 1.614 -3.413 -2.208 | -0.960 -1.297 -24.474 0.958 |
395 | 213 - rho+ | 2 | 386 386 694 695 | 1 2 | 0.534 -3.090 -1.543 | 0.015 -0.534 -5.859 0.772 |
396 | 113 - rho0 | 2 | 386 386 696 697 | 1 2 | 0.877 -2.848 2.848 | -0.839 0.254 -7.533 0.809 |
397 | 111 - pi0 | 2 | 386 386 698 699 | 1 2 | 0.112 -2.739 -1.226 | 0.038 -0.105 -0.862 0.135 |
398 | 111 - pi0 | 2 | 386 386 700 701 | 1 2 | 0.402 -2.097 1.081 | 0.189 0.354 -1.610 0.135 |
399 | -213 - rho- | 2 | 386 386 702 703 | 1 2 | 0.659 -2.972 2.325 | -0.451 0.480 -6.420 0.756 |
400 | -213 - rho- | 2 | 386 386 704 705 | 1 2 | 0.574 -3.270 0.097 | 0.571 0.056 -7.539 0.779 |
401 | 2224 - Delta++ | 2 | 386 386 706 707 | 1 2 | 0.977 -3.937 -1.026 | 0.507 -0.835 -25.033 1.295 |
402 | 223 - omega | 2 | 386 386 708 710 | 1 3 | 0.252 -6.744 2.254 | -0.159 0.195 -106.908 0.775 |
403 | -2212 - pbar- | 1 | 386 386 -1 -1 | 1 0 | 0.775 -7.193 -0.289 | 0.743 -0.221 -515.479 0.938 |
404 | 2212 - p+ | 1 | 386 386 -1 -1 | 1 0 | 0.476 -8.217 -2.919 | -0.464 -0.105 -881.287 0.938 |
405 | 113 - rho0 | 2 | 386 386 711 712 | 1 2 | 0.034 -9.921 1.947 | -0.012 0.032 -345.234 0.742 |
406 | 211 - pi+ | 1 | 386 386 -1 -1 | 1 0 | 0.945 -1.852 2.519 | -0.768 0.551 -2.938 0.140 |
407 | 111 - pi0 | 2 | 386 386 713 714 | 1 2 | 1.109 -2.100 2.035 | -0.496 0.992 -4.463 0.135 |
408 | -323 - K*- | 2 | 386 386 715 716 | 1 2 | 0.645 -0.835 -0.691 | 0.497 -0.411 -0.604 0.876 |
409 | 311 - K0 | 2 | 386 386 717 717 | 1 1 | 0.121 -3.290 1.403 | 0.020 0.120 -1.625 0.498 |
410 | 211 - pi+ | 1 | 386 386 -1 -1 | 1 0 | 0.107 1.476 -2.956 | -0.105 -0.020 0.222 0.140 |
411 | -211 - pi- | 1 | 386 386 -1 -1 | 1 0 | 0.707 -0.928 -0.845 | 0.469 -0.529 -0.755 0.140 |
412 | 211 - pi+ | 1 | 386 386 -1 -1 | 1 0 | 0.278 0.754 2.700 | -0.251 0.119 0.230 0.140 |
413 | 113 - rho0 | 2 | 386 386 718 719 | 1 2 | 0.226 0.069 -1.125 | 0.097 -0.204 0.016 0.914 |
414 | 111 - pi0 | 2 | 386 386 720 721 | 1 2 | 0.284 -0.729 -1.335 | 0.067 -0.276 -0.226 0.135 |
415 | -2224 - Deltabar-- | 2 | 386 386 722 723 | 1 2 | 0.799 0.632 -1.286 | 0.224 -0.767 0.540 1.274 |
416 | 3222 - Sigma+ | 1 | 386 386 -1 -1 | 1 0 | 0.562 -0.261 -1.662 | -0.051 -0.560 -0.148 1.189 |
417 | 323 - K*+ | 2 | 386 386 724 725 | 1 2 | 0.728 -1.211 -2.323 | -0.497 -0.532 -1.113 0.891 |
418 | -211 - pi- | 1 | 386 386 -1 -1 | 1 0 | 0.898 -1.561 -1.652 | -0.073 -0.895 -2.045 0.140 |
419 | -3122 - Lambdabar0 | 1 | 386 386 -1 -1 | 1 0 | 1.132 -2.030 -0.977 | 0.634 -0.938 -4.236 1.116 |
420 | 3322 - Xi0 | 1 | 386 386 -1 -1 | 1 0 | 1.707 -1.957 -0.762 | 1.235 -1.178 -5.919 1.315 |
421 | 311 - K0 | 2 | 386 386 726 726 | 1 1 | 0.376 -2.835 -0.980 | 0.210 -0.313 -3.195 0.498 |
422 | 211 - pi+ | 1 | 386 386 -1 -1 | 1 0 | 0.195 -1.130 -2.734 | -0.179 -0.077 -0.270 0.140 |
423 | -2112 - nbar0 | 1 | 386 386 -1 -1 | 1 0 | 3.097 -2.174 -1.253 | 0.969 -2.941 -13.437 0.940 |
424 | 221 - eta | 2 | 386 386 727 729 | 1 3 | 0.136 -4.533 2.068 | -0.065 0.120 -6.335 0.547 |
425 | 3114 - Sigma*- | 2 | 386 386 730 731 | 1 2 | 3.417 -1.825 -2.774 | -3.189 -1.229 -10.322 1.426 |
426 | 323 - K*+ | 2 | 386 386 732 733 | 1 2 | 4.925 -1.795 -2.419 | -3.693 -3.257 -14.415 0.857 |
427 | 113 - rho0 | 2 | 386 386 734 735 | 1 2 | 2.068 -1.624 -2.825 | -1.965 -0.644 -5.041 0.759 |
428 | 223 - omega | 2 | 386 386 736 738 | 1 3 | 3.770 -1.812 -2.428 | -2.851 -2.467 -11.229 0.780 |
429 | 211 - pi+ | 1 | 183 183 -1 -1 | 1 0 | 0.644 -5.896 1.812 | -0.154 0.625 -116.961 0.140 |
430 | 111 - pi0 | 2 | 183 183 739 740 | 1 2 | 0.581 -5.854 0.535 | 0.500 0.296 -101.295 0.135 |
431 | -211 - pi- | 1 | 184 184 -1 -1 | 1 0 | 0.693 -5.524 -0.295 | 0.663 -0.201 -86.799 0.140 |
432 | 211 - pi+ | 1 | 184 184 -1 -1 | 1 0 | 0.280 -6.202 1.285 | 0.079 0.268 -69.012 0.140 |
433 | 22 - gamma | 1 | 185 185 -1 -1 | 1 0 | 0.387 -3.526 -1.666 | -0.037 -0.386 -6.575 -0.000 |
434 | 111 - pi0 | 2 | 185 185 741 742 | 1 2 | 0.265 -5.539 -1.059 | 0.130 -0.231 -33.731 0.135 |
435 | 22 - gamma | 1 | 188 188 -1 -1 | 1 0 | 0.868 1.586 -0.992 | 0.475 -0.727 2.029 0.000 |
436 | 22 - gamma | 1 | 188 188 -1 -1 | 1 0 | 0.212 1.384 -1.234 | 0.070 -0.200 0.397 0.000 |
437 | -211 - pi- | 1 | 189 189 -1 -1 | 1 0 | 0.941 1.708 -2.457 | -0.729 -0.596 2.512 0.140 |
438 | 211 - pi+ | 1 | 189 189 -1 -1 | 1 0 | 0.094 3.043 1.465 | 0.010 0.094 0.987 0.140 |
439 | 211 - pi+ | 1 | 190 190 -1 -1 | 1 0 | 0.486 0.402 -1.026 | 0.252 -0.415 0.200 0.140 |
440 | 111 - pi0 | 2 | 190 190 743 744 | 1 2 | 0.182 2.281 0.398 | 0.168 0.070 0.881 0.135 |
441 | -211 - pi- | 1 | 191 191 -1 -1 | 1 0 | 0.206 2.167 0.972 | 0.116 0.170 0.886 0.140 |
442 | 211 - pi+ | 1 | 191 191 -1 -1 | 1 0 | 0.682 0.485 -1.426 | 0.098 -0.675 0.344 0.140 |
443 | 2212 - p+ | 1 | 193 193 -1 -1 | 1 0 | 0.592 -0.349 -0.343 | 0.557 -0.199 -0.211 0.938 |
444 | 211 - pi+ | 1 | 193 193 -1 -1 | 1 0 | 0.122 -1.081 -1.845 | -0.033 -0.117 -0.159 0.140 |
445 | 211 - pi+ | 1 | 194 194 -1 -1 | 1 0 | 0.114 0.535 -0.158 | 0.112 -0.018 0.064 0.140 |
446 | -211 - pi- | 1 | 194 194 -1 -1 | 1 0 | 0.051 -2.093 -1.477 | 0.005 -0.051 -0.205 0.140 |
447 | 111 - pi0 | 2 | 194 194 745 746 | 1 2 | 0.187 -1.872 2.125 | -0.098 0.159 -0.593 0.135 |
448 | -3122 - Lambdabar0 | 1 | 195 195 -1 -1 | 1 0 | 0.637 -1.591 -2.658 | -0.564 -0.296 -1.498 1.116 |
449 | -211 - pi- | 1 | 195 195 -1 -1 | 1 0 | 0.149 -2.008 -1.082 | 0.070 -0.132 -0.545 0.140 |
450 | 130 - K_L0 | 1 | 196 196 -1 -1 | 1 0 | 0.232 -3.567 -2.475 | -0.182 -0.143 -4.103 0.498 |
451 | 22 - gamma | 1 | 197 197 -1 -1 | 1 0 | 0.799 -0.911 -1.400 | 0.136 -0.787 -0.833 0.000 |
452 | 22 - gamma | 1 | 197 197 -1 -1 | 1 0 | 0.324 -0.723 -1.214 | 0.113 -0.303 -0.255 0.000 |
453 | 22 - gamma | 1 | 198 198 -1 -1 | 1 0 | 0.439 -2.341 -2.340 | -0.305 -0.316 -2.262 0.000 |
454 | 22 - gamma | 1 | 198 198 -1 -1 | 1 0 | 1.563 -2.921 -2.038 | -0.704 -1.396 -14.470 0.000 |
455 | 211 - pi+ | 1 | 199 199 -1 -1 | 1 0 | 1.311 -2.187 -1.393 | 0.232 -1.290 -5.762 0.140 |
456 | -211 - pi- | 1 | 199 199 -1 -1 | 1 0 | 0.374 -2.682 -2.664 | -0.332 -0.172 -2.720 0.140 |
457 | 22 - gamma | 1 | 201 201 -1 -1 | 1 0 | 0.287 -2.896 -3.090 | -0.287 -0.015 -2.593 0.000 |
458 | 22 - gamma | 1 | 201 201 -1 -1 | 1 0 | 0.173 -2.947 2.581 | -0.146 0.092 -1.643 0.000 |
459 | -211 - pi- | 1 | 203 203 -1 -1 | 1 0 | 0.256 -1.835 -0.920 | 0.155 -0.204 -0.782 0.140 |
460 | 211 - pi+ | 1 | 203 203 -1 -1 | 1 0 | 0.213 -2.112 2.872 | -0.205 0.057 -0.868 0.140 |
461 | -311 - Kbar0 | 2 | 207 207 747 747 | 1 1 | 0.264 -3.207 -2.829 | -0.252 -0.081 -3.261 0.498 |
462 | -211 - pi- | 1 | 207 207 -1 -1 | 1 0 | 0.930 -2.554 3.071 | -0.928 0.065 -5.946 0.140 |
463 | -321 - K- | 1 | 209 209 -1 -1 | 1 0 | 0.460 -2.943 2.967 | -0.453 0.080 -4.351 0.494 |
464 | 211 - pi+ | 1 | 209 209 -1 -1 | 1 0 | 0.906 -2.563 -2.761 | -0.841 -0.336 -5.844 0.140 |
465 | 22 - gamma | 1 | 210 210 -1 -1 | 1 0 | 0.191 -1.049 0.165 | 0.188 0.031 -0.239 -0.000 |
466 | 22 - gamma | 1 | 210 210 -1 -1 | 1 0 | 0.093 -2.018 0.097 | 0.093 0.009 -0.345 -0.000 |
467 | 311 - K0 | 2 | 213 213 748 748 | 1 1 | 0.401 0.365 2.330 | -0.276 0.291 0.150 0.498 |
468 | 211 - pi+ | 1 | 213 213 -1 -1 | 1 0 | 0.882 -0.162 2.052 | -0.408 0.782 -0.144 0.140 |
469 | -321 - K- | 1 | 214 214 -1 -1 | 1 0 | 0.293 2.738 2.563 | -0.245 0.160 2.255 0.494 |
470 | 211 - pi+ | 1 | 214 214 -1 -1 | 1 0 | 0.287 2.611 -0.218 | 0.280 -0.062 1.940 0.140 |
471 | 22 - gamma | 1 | 215 215 -1 -1 | 1 0 | 0.434 2.175 -0.097 | 0.432 -0.042 1.887 0.000 |
472 | 111 - pi0 | 2 | 215 215 749 750 | 1 2 | 0.379 2.580 2.170 | -0.214 0.313 2.486 0.135 |
473 | 211 - pi+ | 1 | 219 219 -1 -1 | 1 0 | 0.256 3.098 0.329 | 0.242 0.083 2.833 0.140 |
474 | -211 - pi- | 1 | 219 219 -1 -1 | 1 0 | 0.409 2.005 2.541 | -0.337 0.231 1.491 0.140 |
475 | 211 - pi+ | 1 | 220 220 -1 -1 | 1 0 | 0.121 1.130 0.635 | 0.097 0.071 0.167 0.140 |
476 | 111 - pi0 | 2 | 220 220 751 752 | 1 2 | 0.842 2.127 1.477 | 0.079 0.838 3.480 0.135 |
477 | -211 - pi- | 1 | 221 221 -1 -1 | 1 0 | 1.333 2.856 1.524 | 0.062 1.332 11.558 0.140 |
478 | 111 - pi0 | 2 | 221 221 753 754 | 1 2 | 0.152 3.709 -0.413 | 0.139 -0.061 3.095 0.135 |
479 | 22 - gamma | 1 | 222 222 -1 -1 | 1 0 | 0.042 -0.444 2.055 | -0.020 0.037 -0.019 -0.000 |
480 | 22 - gamma | 1 | 222 222 -1 -1 | 1 0 | 0.230 0.166 -2.911 | -0.224 -0.053 0.038 -0.000 |
481 | 211 - pi+ | 1 | 223 223 -1 -1 | 1 0 | 0.203 2.154 -1.243 | 0.065 -0.192 0.864 0.140 |
482 | 111 - pi0 | 2 | 223 223 755 756 | 1 2 | 0.643 2.811 2.810 | -0.608 0.209 5.325 0.135 |
483 | -211 - pi- | 1 | 224 224 -1 -1 | 1 0 | 0.837 1.759 0.894 | 0.524 0.652 2.357 0.140 |
484 | 211 - pi+ | 1 | 224 224 -1 -1 | 1 0 | 0.237 2.705 -0.342 | 0.224 -0.080 1.767 0.140 |
485 | -211 - pi- | 1 | 225 225 -1 -1 | 1 0 | 0.119 2.158 -1.816 | -0.029 -0.116 0.509 0.140 |
486 | 211 - pi+ | 1 | 225 225 -1 -1 | 1 0 | 0.491 0.481 -0.368 | 0.458 -0.176 0.245 0.140 |
487 | 111 - pi0 | 2 | 229 229 757 758 | 1 2 | 0.135 6.536 -2.245 | -0.085 -0.106 46.694 0.135 |
488 | 111 - pi0 | 2 | 229 229 759 760 | 1 2 | 0.178 6.077 -0.543 | 0.153 -0.092 38.874 0.135 |
489 | 221 - eta | 2 | 229 229 761 762 | 1 2 | 0.014 9.379 -2.414 | -0.010 -0.009 80.101 0.547 |
490 | 211 - pi+ | 1 | 230 230 -1 -1 | 1 0 | 0.471 6.164 2.824 | -0.448 0.147 111.954 0.140 |
491 | 111 - pi0 | 2 | 230 230 763 764 | 1 2 | 0.233 6.439 -0.431 | 0.211 -0.097 72.743 0.135 |
492 | 211 - pi+ | 1 | 232 232 -1 -1 | 1 0 | 0.366 4.703 -1.183 | 0.138 -0.339 20.174 0.140 |
493 | -211 - pi- | 1 | 232 232 -1 -1 | 1 0 | 0.071 3.152 -1.880 | -0.022 -0.068 0.829 0.140 |
494 | 211 - pi+ | 1 | 233 233 -1 -1 | 1 0 | 0.432 2.908 -0.009 | 0.432 -0.004 3.948 0.140 |
495 | 111 - pi0 | 2 | 233 233 765 766 | 1 2 | 0.400 3.809 1.347 | 0.089 0.390 9.020 0.135 |
496 | 22 - gamma | 1 | 234 234 -1 -1 | 1 0 | 0.031 4.700 2.542 | -0.025 0.017 1.689 0.000 |
497 | 22 - gamma | 1 | 234 234 -1 -1 | 1 0 | 0.310 3.862 -2.598 | -0.265 -0.160 7.364 0.000 |
498 | 22 - gamma | 1 | 236 236 -1 -1 | 1 0 | 0.285 1.245 -1.937 | -0.102 -0.266 0.454 -0.000 |
499 | 22 - gamma | 1 | 236 236 -1 -1 | 1 0 | 0.630 0.100 -1.473 | 0.061 -0.627 0.063 -0.000 |
500 | 321 - K+ | 1 | 237 237 -1 -1 | 1 0 | 1.511 1.310 -0.848 | 1.000 -1.133 2.596 0.494 |
501 | 111 - pi0 | 2 | 237 237 767 768 | 1 2 | 1.890 1.051 -0.997 | 1.026 -1.587 2.373 0.135 |
502 | -211 - pi- | 1 | 238 238 -1 -1 | 1 0 | 0.559 0.529 -1.466 | 0.058 -0.556 0.309 0.140 |
503 | 111 - pi0 | 2 | 238 238 769 770 | 1 2 | 2.595 0.870 -0.943 | 1.524 -2.100 2.553 0.135 |
504 | 211 - pi+ | 1 | 239 239 -1 -1 | 1 0 | 0.242 1.528 -0.861 | 0.158 -0.184 0.532 0.140 |
505 | -211 - pi- | 1 | 239 239 -1 -1 | 1 0 | 0.050 -0.106 0.649 | 0.040 0.030 -0.005 0.140 |
506 | 111 - pi0 | 2 | 239 239 771 772 | 1 2 | 0.610 1.097 -0.318 | 0.579 -0.191 0.812 0.135 |
507 | -211 - pi- | 1 | 243 243 -1 -1 | 1 0 | 7.468 -0.715 -0.008 | 7.467 -0.062 -5.802 0.140 |
508 | 111 - pi0 | 2 | 243 243 773 774 | 1 2 | 0.895 -0.661 -0.296 | 0.856 -0.261 -0.635 0.135 |
509 | 211 - pi+ | 1 | 244 244 -1 -1 | 1 0 | 12.396 -0.687 0.005 | 12.396 0.067 -9.197 0.140 |
510 | 111 - pi0 | 2 | 244 244 775 776 | 1 2 | 1.284 -0.806 0.108 | 1.276 0.139 -1.150 0.135 |
511 | 22 - gamma | 1 | 247 247 -1 -1 | 1 0 | 4.564 -0.846 0.273 | 4.395 1.229 -4.336 -0.000 |
512 | 22 - gamma | 1 | 247 247 -1 -1 | 1 0 | 0.202 -0.780 0.148 | 0.200 0.030 -0.174 0.000 |
513 | 211 - pi+ | 1 | 248 248 -1 -1 | 1 0 | 4.402 -0.871 0.306 | 4.198 1.326 -4.338 0.140 |
514 | 111 - pi0 | 2 | 248 248 777 778 | 1 2 | 2.249 -0.864 -0.046 | 2.247 -0.102 -2.195 0.135 |
515 | 211 - pi+ | 1 | 249 249 -1 -1 | 1 0 | 1.670 -1.004 0.329 | 1.580 0.539 -1.972 0.140 |
516 | -211 - pi- | 1 | 249 249 -1 -1 | 1 0 | 1.479 -0.599 0.115 | 1.469 0.170 -0.940 0.140 |
517 | -211 - pi- | 1 | 250 250 -1 -1 | 1 0 | 3.353 -0.841 0.024 | 3.352 0.082 -3.163 0.140 |
518 | 211 - pi+ | 1 | 250 250 -1 -1 | 1 0 | 2.723 -0.722 0.061 | 2.718 0.166 -2.141 0.140 |
519 | 111 - pi0 | 2 | 250 250 779 780 | 1 2 | 1.259 -0.644 -0.057 | 1.257 -0.072 -0.868 0.135 |
520 | 211 - pi+ | 1 | 251 251 -1 -1 | 1 0 | 4.727 -0.746 -0.118 | 4.694 -0.558 -3.866 0.140 |
521 | -211 - pi- | 1 | 251 251 -1 -1 | 1 0 | 2.538 -0.865 -0.083 | 2.529 -0.209 -2.481 0.140 |
522 | 111 - pi0 | 2 | 251 251 781 782 | 1 2 | 3.014 -0.851 -0.049 | 3.010 -0.149 -2.888 0.135 |
523 | -211 - pi- | 1 | 252 252 -1 -1 | 1 0 | 0.754 -0.671 0.425 | 0.687 0.311 -0.545 0.140 |
524 | 111 - pi0 | 2 | 252 252 783 784 | 1 2 | 2.387 -0.718 -0.085 | 2.378 -0.203 -1.864 0.135 |
525 | 211 - pi+ | 1 | 254 254 -1 -1 | 1 0 | 6.078 0.601 1.480 | 0.551 6.053 3.874 0.140 |
526 | -211 - pi- | 1 | 254 254 -1 -1 | 1 0 | 1.624 0.425 1.374 | 0.317 1.593 0.712 0.140 |
527 | 211 - pi+ | 1 | 257 257 -1 -1 | 1 0 | 4.795 0.477 1.376 | 0.928 4.705 2.377 0.140 |
528 | 111 - pi0 | 2 | 257 257 785 786 | 1 2 | 5.002 0.558 1.337 | 1.160 4.866 2.937 0.135 |
529 | -211 - pi- | 1 | 258 258 -1 -1 | 1 0 | 1.997 0.457 1.593 | -0.044 1.997 0.945 0.140 |
530 | 111 - pi0 | 2 | 258 258 787 788 | 1 2 | 0.167 0.367 3.094 | -0.167 0.008 0.063 0.135 |
531 | 22 - gamma | 1 | 259 259 -1 -1 | 1 0 | 1.891 0.836 0.935 | 1.124 1.521 1.772 -0.000 |
532 | 22 - gamma | 1 | 259 259 -1 -1 | 1 0 | 0.406 0.913 1.068 | 0.195 0.356 0.424 0.000 |
533 | -211 - pi- | 1 | 260 260 -1 -1 | 1 0 | 0.293 0.329 1.809 | -0.069 0.285 0.098 0.140 |
534 | 211 - pi+ | 1 | 260 260 -1 -1 | 1 0 | 0.331 0.846 0.486 | 0.293 0.154 0.315 0.140 |
535 | 111 - pi0 | 2 | 260 260 789 790 | 1 2 | 0.103 1.887 2.620 | -0.089 0.051 0.331 0.135 |
536 | -211 - pi- | 1 | 262 262 -1 -1 | 1 0 | 0.288 1.610 -0.886 | 0.182 -0.223 0.693 0.140 |
537 | 111 - pi0 | 2 | 262 262 791 792 | 1 2 | 0.577 2.045 1.296 | 0.157 0.555 2.194 0.135 |
538 | -311 - Kbar0 | 2 | 263 263 793 793 | 1 1 | 0.787 1.595 0.267 | 0.759 0.207 1.859 0.498 |
539 | 111 - pi0 | 2 | 263 263 794 795 | 1 2 | 0.143 2.839 1.579 | -0.001 0.143 1.216 0.135 |
540 | 321 - K+ | 1 | 264 264 -1 -1 | 1 0 | 0.719 2.757 0.181 | 0.707 0.130 5.638 0.494 |
541 | -211 - pi- | 1 | 264 264 -1 -1 | 1 0 | 0.576 2.330 -0.684 | 0.447 -0.364 2.934 0.140 |
542 | 211 - pi+ | 1 | 266 266 -1 -1 | 1 0 | 0.194 3.553 2.278 | -0.126 0.147 3.386 0.140 |
543 | -211 - pi- | 1 | 266 266 -1 -1 | 1 0 | 0.252 2.397 2.835 | -0.240 0.076 1.370 0.140 |
544 | 111 - pi0 | 2 | 266 266 796 797 | 1 2 | 0.262 2.414 -2.055 | -0.122 -0.232 1.452 0.135 |
545 | -2212 - pbar- | 1 | 267 267 -1 -1 | 1 0 | 1.128 3.710 -0.287 | 1.082 -0.320 23.031 0.938 |
546 | 211 - pi+ | 1 | 267 267 -1 -1 | 1 0 | 0.285 2.630 -0.216 | 0.278 -0.061 1.963 0.140 |
547 | 3122 - Lambda0 | 1 | 268 268 -1 -1 | 1 0 | 1.094 3.481 -1.202 | 0.394 -1.020 17.747 1.116 |
548 | -211 - pi- | 1 | 268 268 -1 -1 | 1 0 | 0.339 3.275 -0.368 | 0.316 -0.122 4.475 0.140 |
549 | 311 - K0 | 2 | 269 269 798 798 | 1 1 | 1.024 3.346 -1.619 | -0.049 -1.023 14.514 0.498 |
550 | 211 - pi+ | 1 | 269 269 -1 -1 | 1 0 | 0.698 3.097 -1.001 | 0.377 -0.588 7.711 0.140 |
551 | 211 - pi+ | 1 | 271 271 -1 -1 | 1 0 | 0.714 3.699 -1.927 | -0.249 -0.670 14.432 0.140 |
552 | 111 - pi0 | 2 | 271 271 799 800 | 1 2 | 0.759 3.031 -1.448 | 0.093 -0.753 7.840 0.135 |
553 | -311 - Kbar0 | 2 | 272 272 801 801 | 1 1 | 0.484 3.528 -2.993 | -0.479 -0.072 8.232 0.498 |
554 | -211 - pi- | 1 | 272 272 -1 -1 | 1 0 | 0.274 2.444 -1.380 | 0.052 -0.269 1.565 0.140 |
555 | 130 - K_L0 | 1 | 273 273 -1 -1 | 1 0 | 0.352 3.610 -1.194 | 0.130 -0.328 6.507 0.498 |
556 | -211 - pi- | 1 | 276 276 -1 -1 | 1 0 | 0.292 3.543 -0.427 | 0.265 -0.121 5.036 0.140 |
557 | 211 - pi+ | 1 | 276 276 -1 -1 | 1 0 | 0.726 2.724 -0.298 | 0.693 -0.213 5.508 0.140 |
558 | 111 - pi0 | 2 | 276 276 802 803 | 1 2 | 0.258 2.223 -0.431 | 0.234 -0.108 1.177 0.135 |
559 | 211 - pi+ | 1 | 277 277 -1 -1 | 1 0 | 0.096 2.021 1.498 | 0.007 0.095 0.354 0.140 |
560 | -211 - pi- | 1 | 277 277 -1 -1 | 1 0 | 0.193 1.949 -1.795 | -0.043 -0.188 0.664 0.140 |
561 | 221 - eta | 2 | 277 277 804 805 | 1 2 | 0.124 3.091 2.865 | -0.120 0.034 1.365 0.547 |
562 | 130 - K_L0 | 1 | 278 278 -1 -1 | 1 0 | 0.565 0.296 2.807 | -0.534 0.186 0.170 0.498 |
563 | 130 - K_L0 | 1 | 282 282 -1 -1 | 1 0 | 0.600 -0.151 2.876 | -0.579 0.158 -0.091 0.498 |
564 | 211 - pi+ | 1 | 283 283 -1 -1 | 1 0 | 0.539 -0.111 -1.987 | -0.218 -0.493 -0.060 0.140 |
565 | 111 - pi0 | 2 | 283 283 806 807 | 1 2 | 0.170 -1.558 1.489 | 0.014 0.169 -0.385 0.135 |
566 | 321 - K+ | 1 | 285 285 -1 -1 | 1 0 | 0.133 -3.004 -1.031 | 0.068 -0.114 -1.335 0.494 |
567 | -321 - K- | 1 | 285 285 -1 -1 | 1 0 | 0.092 -3.062 2.006 | -0.039 0.084 -0.982 0.494 |
568 | 310 - K_S0 | 1 | 286 286 -1 -1 | 1 0 | 1.054 -1.783 -0.576 | 0.884 -0.575 -3.048 0.498 |
569 | -2112 - nbar0 | 1 | 287 287 -1 -1 | 1 0 | 0.196 -2.777 -0.417 | 0.179 -0.079 -1.567 0.940 |
570 | 211 - pi+ | 1 | 287 287 -1 -1 | 1 0 | 0.360 -1.609 0.577 | 0.301 0.196 -0.863 0.140 |
571 | 321 - K+ | 1 | 288 288 -1 -1 | 1 0 | 0.480 -2.351 0.376 | 0.447 0.176 -2.497 0.494 |
572 | -211 - pi- | 1 | 288 288 -1 -1 | 1 0 | 0.839 -1.599 0.134 | 0.832 0.112 -1.991 0.140 |
573 | 321 - K+ | 1 | 290 290 -1 -1 | 1 0 | 0.736 -0.572 0.654 | 0.584 0.448 -0.444 0.494 |
574 | 111 - pi0 | 2 | 290 290 808 809 | 1 2 | 0.489 -0.389 1.752 | -0.088 0.481 -0.195 0.135 |
575 | -211 - pi- | 1 | 291 291 -1 -1 | 1 0 | 0.831 -0.395 0.578 | 0.696 0.454 -0.337 0.140 |
576 | 111 - pi0 | 2 | 291 291 810 811 | 1 2 | 2.256 -0.106 0.809 | 1.557 1.632 -0.240 0.135 |
577 | -3122 - Lambdabar0 | 1 | 294 294 -1 -1 | 1 0 | 12.856 0.104 0.927 | 7.714 10.284 1.342 1.116 |
578 | 22 - gamma | 1 | 294 294 -1 -1 | 1 0 | 0.305 -0.088 0.900 | 0.190 0.239 -0.027 0.000 |
579 | 211 - pi+ | 1 | 296 296 -1 -1 | 1 0 | 1.201 -0.076 0.835 | 0.806 0.891 -0.092 0.140 |
580 | 111 - pi0 | 2 | 296 296 812 813 | 1 2 | 5.436 0.132 0.992 | 2.975 4.550 0.719 0.135 |
581 | -211 - pi- | 1 | 297 297 -1 -1 | 1 0 | 15.918 -0.004 0.994 | 8.677 13.345 -0.062 0.140 |
582 | 111 - pi0 | 2 | 297 297 814 815 | 1 2 | 10.955 0.005 0.948 | 6.387 8.901 0.059 0.135 |
583 | 211 - pi+ | 1 | 298 298 -1 -1 | 1 0 | 7.133 0.080 1.015 | 3.765 6.058 0.573 0.140 |
584 | 111 - pi0 | 2 | 298 298 816 817 | 1 2 | 0.635 0.050 0.776 | 0.453 0.444 0.032 0.135 |
585 | -211 - pi- | 1 | 299 299 -1 -1 | 1 0 | 7.505 -0.007 0.935 | 4.459 6.037 -0.052 0.140 |
586 | 211 - pi+ | 1 | 299 299 -1 -1 | 1 0 | 3.423 0.018 0.934 | 2.035 2.753 0.060 0.140 |
587 | 111 - pi0 | 2 | 299 299 818 819 | 1 2 | 1.962 -0.022 0.889 | 1.236 1.524 -0.043 0.135 |
588 | -211 - pi- | 1 | 300 300 -1 -1 | 1 0 | 10.781 -0.022 0.996 | 5.864 9.047 -0.240 0.140 |
589 | 211 - pi+ | 1 | 300 300 -1 -1 | 1 0 | 2.402 0.029 0.939 | 1.419 1.938 0.069 0.140 |
590 | 111 - pi0 | 2 | 300 300 820 821 | 1 2 | 4.026 0.001 1.036 | 2.053 3.463 0.006 0.135 |
591 | -211 - pi- | 1 | 302 302 -1 -1 | 1 0 | 0.393 -0.987 0.039 | 0.393 0.015 -0.454 0.140 |
592 | 211 - pi+ | 1 | 302 302 -1 -1 | 1 0 | 0.470 0.626 0.963 | 0.268 0.386 0.314 0.140 |
593 | 111 - pi0 | 2 | 304 304 822 823 | 1 2 | 0.995 0.153 0.695 | 0.764 0.637 0.153 0.135 |
594 | 111 - pi0 | 2 | 304 304 824 825 | 1 2 | 1.105 0.007 0.625 | 0.896 0.647 0.008 0.135 |
595 | 111 - pi0 | 2 | 304 304 826 827 | 1 2 | 0.267 0.094 0.891 | 0.168 0.208 0.025 0.135 |
596 | -211 - pi- | 1 | 305 305 -1 -1 | 1 0 | 0.990 -0.457 -0.332 | 0.936 -0.323 -0.468 0.140 |
597 | 111 - pi0 | 2 | 305 305 828 829 | 1 2 | 0.922 -0.958 -0.575 | 0.774 -0.501 -1.025 0.135 |
598 | 22 - gamma | 1 | 306 306 -1 -1 | 1 0 | 1.409 -0.843 -0.397 | 1.299 -0.545 -1.333 0.000 |
599 | 22 - gamma | 1 | 306 306 -1 -1 | 1 0 | 0.702 -0.821 -0.531 | 0.605 -0.356 -0.643 0.000 |
600 | -311 - Kbar0 | 2 | 308 308 830 830 | 1 1 | 3.472 -0.652 -0.462 | 3.107 -1.549 -2.428 0.498 |
601 | -211 - pi- | 1 | 308 308 -1 -1 | 1 0 | 1.169 -0.691 -0.762 | 0.846 -0.807 -0.873 0.140 |
602 | 130 - K_L0 | 1 | 309 309 -1 -1 | 1 0 | 3.848 -0.802 -0.428 | 3.501 -1.597 -3.429 0.498 |
603 | 310 - K_S0 | 1 | 309 309 -1 -1 | 1 0 | 2.898 -0.811 -0.380 | 2.691 -1.076 -2.616 0.498 |
604 | 311 - K0 | 2 | 310 310 831 831 | 1 1 | 9.354 -0.586 -0.399 | 8.619 -3.635 -5.800 0.498 |
605 | 211 - pi+ | 1 | 310 310 -1 -1 | 1 0 | 9.708 -0.595 -0.348 | 9.127 -3.309 -6.119 0.140 |
606 | 211 - pi+ | 1 | 311 311 -1 -1 | 1 0 | 6.323 -0.597 -0.355 | 5.929 -2.198 -4.002 0.140 |
607 | -211 - pi- | 1 | 311 311 -1 -1 | 1 0 | 5.223 -0.483 -0.325 | 4.950 -1.667 -2.623 0.140 |
608 | -211 - pi- | 1 | 312 312 -1 -1 | 1 0 | 9.720 -0.566 -0.331 | 9.191 -3.161 -5.803 0.140 |
609 | 111 - pi0 | 2 | 312 312 832 833 | 1 2 | 1.580 -0.780 -0.332 | 1.493 -0.515 -1.361 0.135 |
610 | -211 - pi- | 1 | 314 314 -1 -1 | 1 0 | 5.436 -0.547 -0.343 | 5.119 -1.829 -3.122 0.140 |
611 | 111 - pi0 | 2 | 314 314 834 835 | 1 2 | 5.619 -0.554 -0.483 | 4.978 -2.608 -3.276 0.135 |
612 | 22 - gamma | 1 | 315 315 -1 -1 | 1 0 | 50.715 -0.547 -0.346 | 47.706 -17.209 -29.154 0.000 |
613 | 22 - gamma | 1 | 315 315 -1 -1 | 1 0 | 18.148 -0.550 -0.349 | 17.053 -6.209 -10.502 0.000 |
614 | 211 - pi+ | 1 | 317 317 -1 -1 | 1 0 | 6.207 -0.535 -0.362 | 5.804 -2.201 -3.482 0.140 |
615 | -211 - pi- | 1 | 317 317 -1 -1 | 1 0 | 9.576 -0.588 -0.340 | 9.026 -3.198 -5.958 0.140 |
616 | 130 - K_L0 | 1 | 319 319 -1 -1 | 1 0 | 30.529 -0.554 -0.305 | 29.121 -9.164 -17.787 0.498 |
617 | 22 - gamma | 1 | 321 321 -1 -1 | 1 0 | 3.427 -0.546 -0.374 | 3.190 -1.251 -1.964 0.000 |
618 | 22 - gamma | 1 | 321 321 -1 -1 | 1 0 | 2.680 -0.569 -0.336 | 2.531 -0.883 -1.608 0.000 |
619 | -211 - pi- | 1 | 322 322 -1 -1 | 1 0 | 59.071 -0.554 -0.295 | 56.519 -17.176 -34.401 0.140 |
620 | 111 - pi0 | 2 | 322 322 836 837 | 1 2 | 9.460 -0.517 -0.297 | 9.047 -2.765 -5.108 0.135 |
621 | 22 - gamma | 1 | 323 323 -1 -1 | 1 0 | 1.575 -0.533 -0.353 | 1.478 -0.544 -0.880 -0.000 |
622 | 22 - gamma | 1 | 323 323 -1 -1 | 1 0 | 8.312 -0.569 -0.343 | 7.828 -2.793 -4.989 -0.000 |
623 | -2212 - pbar- | 1 | 325 325 -1 -1 | 1 0 | 43.913 -0.540 -0.298 | 41.974 -12.907 -24.886 0.938 |
624 | -211 - pi- | 1 | 325 325 -1 -1 | 1 0 | 25.713 -0.544 -0.293 | 24.615 -7.432 -14.678 0.140 |
625 | 22 - gamma | 1 | 328 328 -1 -1 | 1 0 | 0.437 -0.689 -0.235 | 0.425 -0.102 -0.325 -0.000 |
626 | 22 - gamma | 1 | 328 328 -1 -1 | 1 0 | 0.244 -1.007 -0.498 | 0.214 -0.116 -0.289 -0.000 |
627 | 22 - gamma | 1 | 329 329 -1 -1 | 1 0 | 8.734 -0.540 -0.346 | 8.217 -2.962 -4.952 -0.000 |
628 | 22 - gamma | 1 | 329 329 -1 -1 | 1 0 | 2.445 -0.539 -0.375 | 2.275 -0.896 -1.383 0.000 |
629 | 20313 - K*_10 | 2 | 331 331 838 839 | 1 2 | 104.573 -0.893 3.042 | -104.052 10.431 -106.313 1.340 |
630 | -211 - pi- | 1 | 331 331 -1 -1 | 1 0 | 11.527 -0.861 3.050 | -11.478 1.060 -11.199 0.140 |
631 | 22 - gamma | 1 | 332 332 -1 -1 | 1 0 | 23.727 -0.884 3.042 | -23.610 2.352 -23.799 -0.000 |
632 | 22 - gamma | 1 | 332 332 -1 -1 | 1 0 | 81.937 -0.893 3.035 | -81.469 8.752 -83.320 -0.000 |
633 | -321 - K- | 1 | 333 333 -1 -1 | 1 0 | 25.167 -0.853 3.081 | -25.121 1.525 -24.166 0.494 |
634 | 211 - pi+ | 1 | 333 333 -1 -1 | 1 0 | 21.174 -0.872 3.064 | -21.110 1.643 -20.908 0.140 |
635 | 211 - pi+ | 1 | 337 337 -1 -1 | 1 0 | 8.758 -0.931 3.000 | -8.670 1.236 -9.387 0.140 |
636 | 111 - pi0 | 2 | 337 337 840 841 | 1 2 | 5.600 -0.849 3.084 | -5.591 0.323 -5.350 0.135 |
637 | 2112 - n0 | 1 | 338 338 -1 -1 | 1 0 | 9.958 -0.947 3.132 | -9.958 0.099 -10.911 0.940 |
638 | 111 - pi0 | 2 | 338 338 842 843 | 1 2 | 3.080 -0.908 3.025 | -3.059 0.358 -3.197 0.135 |
639 | -321 - K- | 1 | 339 339 -1 -1 | 1 0 | 12.287 -1.009 -3.086 | -12.268 -0.683 -14.619 0.494 |
640 | 211 - pi+ | 1 | 339 339 -1 -1 | 1 0 | 6.207 -0.999 -3.021 | -6.162 -0.745 -7.288 0.140 |
641 | -211 - pi- | 1 | 341 341 -1 -1 | 1 0 | 14.404 -0.976 -3.077 | -14.374 -0.924 -16.405 0.140 |
642 | 111 - pi0 | 2 | 341 341 844 845 | 1 2 | 9.415 -0.939 -3.031 | -9.358 -1.035 -10.202 0.135 |
643 | -211 - pi- | 1 | 342 342 -1 -1 | 1 0 | 1.769 -1.099 -2.964 | -1.741 -0.313 -2.360 0.140 |
644 | 211 - pi+ | 1 | 342 342 -1 -1 | 1 0 | 0.634 -0.735 -2.972 | -0.625 -0.107 -0.510 0.140 |
645 | 111 - pi0 | 2 | 342 342 846 847 | 1 2 | 3.212 -1.006 -3.042 | -3.196 -0.320 -3.802 0.135 |
646 | -211 - pi- | 1 | 346 346 -1 -1 | 1 0 | 0.063 3.453 1.242 | 0.020 0.059 0.989 0.140 |
647 | 111 - pi0 | 2 | 346 346 848 849 | 1 2 | 0.484 0.622 2.344 | -0.338 0.346 0.321 0.135 |
648 | 411 - D+ | 2 | 350 350 850 851 | 1 2 | 34.791 -0.916 3.124 | -34.785 0.616 -36.517 1.869 |
649 | 111 - pi0 | 2 | 350 350 852 853 | 1 2 | 2.105 -0.917 3.138 | -2.105 0.007 -2.213 0.135 |
650 | 22 - gamma | 1 | 351 351 -1 -1 | 1 0 | 7.576 -0.877 3.107 | -7.572 0.262 -7.532 0.000 |
651 | 22 - gamma | 1 | 351 351 -1 -1 | 1 0 | 2.851 -0.954 3.017 | -2.829 0.353 -3.150 0.000 |
652 | 211 - pi+ | 1 | 352 352 -1 -1 | 1 0 | 6.650 -0.954 -3.121 | -6.649 -0.137 -7.349 0.140 |
653 | -211 - pi- | 1 | 352 352 -1 -1 | 1 0 | 15.880 -0.942 3.089 | -15.858 0.841 -17.265 0.140 |
654 | -211 - pi- | 1 | 354 354 -1 -1 | 1 0 | 17.218 -0.884 3.073 | -17.177 1.184 -17.292 0.140 |
655 | 111 - pi0 | 2 | 354 354 854 855 | 1 2 | 2.357 -0.950 3.001 | -2.334 0.330 -2.592 0.135 |
656 | 211 - pi+ | 1 | 356 356 -1 -1 | 1 0 | 2.206 -1.002 3.069 | -2.200 0.159 -2.600 0.140 |
657 | 111 - pi0 | 2 | 356 356 856 857 | 1 2 | 3.681 -0.970 -2.955 | -3.618 -0.682 -4.159 0.135 |
658 | 211 - pi+ | 1 | 361 361 -1 -1 | 1 0 | 2.666 -1.168 -2.719 | -2.432 -1.094 -3.873 0.140 |
659 | 111 - pi0 | 2 | 361 361 858 859 | 1 2 | 0.091 -1.062 -2.619 | -0.079 -0.046 -0.116 0.135 |
660 | 211 - pi+ | 1 | 362 362 -1 -1 | 1 0 | 1.036 -0.637 -2.728 | -0.949 -0.417 -0.705 0.140 |
661 | -211 - pi- | 1 | 362 362 -1 -1 | 1 0 | 0.266 -1.160 -1.586 | -0.004 -0.266 -0.382 0.140 |
662 | -211 - pi- | 1 | 363 363 -1 -1 | 1 0 | 0.120 -1.759 1.969 | -0.046 0.111 -0.338 0.140 |
663 | 211 - pi+ | 1 | 363 363 -1 -1 | 1 0 | 0.182 -0.863 -2.842 | -0.174 -0.054 -0.178 0.140 |
664 | 221 - eta | 2 | 363 363 860 861 | 1 2 | 0.739 -0.971 2.930 | -0.722 0.155 -0.836 0.547 |
665 | 130 - K_L0 | 1 | 364 364 -1 -1 | 1 0 | 1.588 -1.942 -2.335 | -1.099 -1.146 -5.420 0.498 |
666 | -311 - Kbar0 | 2 | 367 367 862 862 | 1 1 | 0.797 4.286 1.834 | -0.208 0.770 28.969 0.498 |
667 | 111 - pi0 | 2 | 367 367 863 864 | 1 2 | 0.853 3.909 2.342 | -0.595 0.611 21.246 0.135 |
668 | 211 - pi+ | 1 | 368 368 -1 -1 | 1 0 | 0.214 4.033 0.499 | 0.188 0.103 6.050 0.140 |
669 | -211 - pi- | 1 | 368 368 -1 -1 | 1 0 | 0.622 4.273 2.736 | -0.571 0.246 22.301 0.140 |
670 | -211 - pi- | 1 | 369 369 -1 -1 | 1 0 | 0.456 3.363 2.018 | -0.197 0.411 6.581 0.140 |
671 | 211 - pi+ | 1 | 369 369 -1 -1 | 1 0 | 0.481 3.640 0.071 | 0.480 0.034 9.166 0.140 |
672 | 211 - pi+ | 1 | 373 373 -1 -1 | 1 0 | 0.064 7.416 2.488 | -0.051 0.039 53.086 0.140 |
673 | 111 - pi0 | 2 | 373 373 865 866 | 1 2 | 1.163 5.709 0.815 | 0.798 0.847 175.426 0.135 |
674 | 211 - pi+ | 1 | 375 375 -1 -1 | 1 0 | 0.500 6.142 1.236 | 0.164 0.472 116.184 0.140 |
675 | 111 - pi0 | 2 | 375 375 867 868 | 1 2 | 0.650 5.132 1.020 | 0.340 0.554 55.079 0.135 |
676 | 211 - pi+ | 1 | 377 377 -1 -1 | 1 0 | 1.071 5.299 2.392 | -0.784 0.730 107.242 0.140 |
677 | 111 - pi0 | 2 | 377 377 869 870 | 1 2 | 0.659 5.043 1.466 | 0.069 0.655 51.032 0.135 |
678 | -211 - pi- | 1 | 378 378 -1 -1 | 1 0 | 0.544 5.589 0.871 | 0.351 0.416 72.817 0.140 |
679 | 111 - pi0 | 2 | 378 378 871 872 | 1 2 | 0.108 6.875 -1.702 | -0.014 -0.107 52.467 0.135 |
680 | 22 - gamma | 1 | 379 379 -1 -1 | 1 0 | 0.235 5.072 2.463 | -0.183 0.147 18.719 0.000 |
681 | 22 - gamma | 1 | 379 379 -1 -1 | 1 0 | 0.167 5.027 -3.125 | -0.167 -0.003 12.714 -0.000 |
682 | 211 - pi+ | 1 | 382 382 -1 -1 | 1 0 | 1.871 2.018 0.570 | 1.576 1.010 6.915 0.140 |
683 | 111 - pi0 | 2 | 382 382 873 874 | 1 2 | 0.388 1.552 0.147 | 0.384 0.057 0.875 0.135 |
684 | 2112 - n0 | 1 | 387 387 -1 -1 | 1 0 | 0.822 -2.353 -0.285 | 0.789 -0.231 -4.282 0.940 |
685 | 211 - pi+ | 1 | 387 387 -1 -1 | 1 0 | 0.278 -1.381 1.156 | 0.112 0.254 -0.518 0.140 |
686 | 211 - pi+ | 1 | 388 388 -1 -1 | 1 0 | 0.273 -3.080 -0.934 | 0.162 -0.219 -2.962 0.140 |
687 | 111 - pi0 | 2 | 388 388 875 876 | 1 2 | 0.418 -1.695 1.342 | 0.095 0.407 -1.101 0.135 |
688 | -2212 - pbar- | 1 | 389 389 -1 -1 | 1 0 | 2.404 -2.116 2.270 | -1.547 1.840 -9.834 0.938 |
689 | -211 - pi- | 1 | 389 389 -1 -1 | 1 0 | 0.575 -2.189 2.369 | -0.412 0.401 -2.534 0.140 |
690 | 311 - K0 | 2 | 390 390 877 877 | 1 1 | 0.884 -3.263 2.753 | -0.818 0.335 -11.535 0.498 |
691 | 211 - pi+ | 1 | 390 390 -1 -1 | 1 0 | 0.542 -2.601 -2.853 | -0.519 -0.154 -3.628 0.140 |
692 | -211 - pi- | 1 | 394 394 -1 -1 | 1 0 | 0.285 -2.962 2.921 | -0.278 0.062 -2.751 0.140 |
693 | 111 - pi0 | 2 | 394 394 878 879 | 1 2 | 1.521 -3.354 -2.036 | -0.682 -1.359 -21.723 0.135 |
694 | 211 - pi+ | 1 | 395 395 -1 -1 | 1 0 | 0.471 -2.758 -2.370 | -0.338 -0.328 -3.698 0.140 |
695 | 111 - pi0 | 2 | 395 395 880 881 | 1 2 | 0.408 -2.369 -0.529 | 0.352 -0.206 -2.160 0.135 |
696 | 211 - pi+ | 1 | 396 396 -1 -1 | 1 0 | 0.703 -3.001 2.726 | -0.643 0.284 -7.051 0.140 |
697 | -211 - pi- | 1 | 396 396 -1 -1 | 1 0 | 0.198 -1.622 -2.987 | -0.196 -0.031 -0.482 0.140 |
698 | 22 - gamma | 1 | 397 397 -1 -1 | 1 0 | 0.082 -2.943 -0.822 | 0.056 -0.060 -0.780 0.000 |
699 | 22 - gamma | 1 | 397 397 -1 -1 | 1 0 | 0.048 -1.293 -1.957 | -0.018 -0.045 -0.082 0.000 |
700 | 22 - gamma | 1 | 398 398 -1 -1 | 1 0 | 0.276 -1.833 0.999 | 0.149 0.232 -0.840 0.000 |
701 | 22 - gamma | 1 | 398 398 -1 -1 | 1 0 | 0.129 -2.489 1.259 | 0.039 0.123 -0.770 -0.000 |
702 | -211 - pi- | 1 | 399 399 -1 -1 | 1 0 | 0.676 -2.434 1.941 | -0.244 0.630 -3.825 0.140 |
703 | 111 - pi0 | 2 | 399 399 882 883 | 1 2 | 0.256 -3.013 -2.513 | -0.207 -0.150 -2.595 0.135 |
704 | -211 - pi- | 1 | 400 400 -1 -1 | 1 0 | 0.409 -2.544 1.091 | 0.189 0.363 -2.585 0.140 |
705 | 111 - pi0 | 2 | 400 400 884 885 | 1 2 | 0.490 -3.008 -0.676 | 0.383 -0.307 -4.954 0.135 |
706 | 2212 - p+ | 1 | 401 401 -1 -1 | 1 0 | 0.712 -4.133 -1.238 | 0.233 -0.673 -22.208 0.938 |
707 | 211 - pi+ | 1 | 401 401 -1 -1 | 1 0 | 0.318 -2.880 -0.533 | 0.274 -0.162 -2.825 0.140 |
708 | -211 - pi- | 1 | 402 402 -1 -1 | 1 0 | 0.142 -6.388 1.107 | 0.064 0.127 -42.226 0.140 |
709 | 211 - pi+ | 1 | 402 402 -1 -1 | 1 0 | 0.320 -5.474 2.210 | -0.191 0.257 -38.171 0.140 |
710 | 111 - pi0 | 2 | 402 402 886 887 | 1 2 | 0.191 -5.624 -1.736 | -0.031 -0.189 -26.511 0.135 |
711 | 211 - pi+ | 1 | 405 405 -1 -1 | 1 0 | 0.138 -8.457 1.590 | -0.003 0.138 -324.396 0.140 |
712 | -211 - pi- | 1 | 405 405 -1 -1 | 1 0 | 0.107 -5.968 -1.663 | -0.010 -0.106 -20.838 0.140 |
713 | 22 - gamma | 1 | 407 407 -1 -1 | 1 0 | 0.075 -1.719 2.281 | -0.049 0.057 -0.204 0.000 |
714 | 22 - gamma | 1 | 407 407 -1 -1 | 1 0 | 1.036 -2.121 2.017 | -0.447 0.935 -4.259 -0.000 |
715 | -321 - K- | 1 | 408 408 -1 -1 | 1 0 | 0.181 -1.743 -1.146 | 0.075 -0.165 -0.501 0.494 |
716 | 111 - pi0 | 2 | 408 408 888 889 | 1 2 | 0.489 -0.207 -0.528 | 0.423 -0.246 -0.102 0.135 |
717 | 310 - K_S0 | 1 | 409 409 -1 -1 | 1 0 | 0.121 -3.290 1.403 | 0.020 0.120 -1.625 0.498 |
718 | 211 - pi+ | 1 | 413 413 -1 -1 | 1 0 | 0.287 0.670 1.788 | -0.062 0.280 0.207 0.140 |
719 | -211 - pi- | 1 | 413 413 -1 -1 | 1 0 | 0.509 -0.367 -1.253 | 0.159 -0.483 -0.191 0.140 |
720 | 22 - gamma | 1 | 414 414 -1 -1 | 1 0 | 0.247 -0.506 -1.204 | 0.088 -0.230 -0.130 0.000 |
721 | 22 - gamma | 1 | 414 414 -1 -1 | 1 0 | 0.051 -1.388 -2.010 | -0.022 -0.046 -0.096 0.000 |
722 | -2212 - pbar- | 1 | 415 415 -1 -1 | 1 0 | 0.607 0.968 -1.180 | 0.231 -0.562 0.684 0.938 |
723 | -211 - pi- | 1 | 415 415 -1 -1 | 1 0 | 0.206 -0.654 -1.604 | -0.007 -0.206 -0.144 0.140 |
724 | 311 - K0 | 2 | 417 417 890 890 | 1 1 | 0.450 -1.020 -1.701 | -0.058 -0.446 -0.543 0.498 |
725 | 211 - pi+ | 1 | 417 417 -1 -1 | 1 0 | 0.447 -1.064 -2.948 | -0.439 -0.086 -0.571 0.140 |
726 | 310 - K_S0 | 1 | 421 421 -1 -1 | 1 0 | 0.376 -2.835 -0.980 | 0.210 -0.313 -3.195 0.498 |
727 | -211 - pi- | 1 | 424 424 -1 -1 | 1 0 | 0.152 -3.500 2.601 | -0.130 0.078 -2.507 0.140 |
728 | 211 - pi+ | 1 | 424 424 -1 -1 | 1 0 | 0.093 -3.675 2.344 | -0.065 0.067 -1.836 0.140 |
729 | 111 - pi0 | 2 | 424 424 891 892 | 1 2 | 0.133 -3.404 -0.189 | 0.130 -0.025 -1.991 0.135 |
730 | 3122 - Lambda0 | 1 | 425 425 -1 -1 | 1 0 | 2.720 -1.813 -2.864 | -2.616 -0.746 -8.115 1.116 |
731 | -211 - pi- | 1 | 425 425 -1 -1 | 1 0 | 0.749 -1.801 -2.441 | -0.573 -0.483 -2.207 0.140 |
732 | 311 - K0 | 2 | 426 426 893 893 | 1 1 | 3.522 -1.724 -2.448 | -2.707 -2.253 -9.563 0.498 |
733 | 211 - pi+ | 1 | 426 426 -1 -1 | 1 0 | 1.408 -1.951 -2.347 | -0.986 -1.005 -4.852 0.140 |
734 | 211 - pi+ | 1 | 427 427 -1 -1 | 1 0 | 1.668 -1.408 -2.788 | -1.565 -0.578 -3.206 0.140 |
735 | -211 - pi- | 1 | 427 427 -1 -1 | 1 0 | 0.405 -2.216 -2.978 | -0.400 -0.066 -1.835 0.140 |
736 | -211 - pi- | 1 | 428 428 -1 -1 | 1 0 | 2.271 -1.712 -2.459 | -1.762 -1.432 -6.082 0.140 |
737 | 211 - pi+ | 1 | 428 428 -1 -1 | 1 0 | 0.612 -2.140 -2.489 | -0.486 -0.372 -2.566 0.140 |
738 | 111 - pi0 | 2 | 428 428 894 895 | 1 2 | 0.896 -1.780 -2.309 | -0.603 -0.663 -2.582 0.135 |
739 | 22 - gamma | 1 | 430 430 -1 -1 | 1 0 | 0.543 -5.836 0.468 | 0.485 0.245 -92.915 0.000 |
740 | 22 - gamma | 1 | 430 430 -1 -1 | 1 0 | 0.054 -5.745 1.276 | 0.016 0.051 -8.380 -0.000 |
741 | 22 - gamma | 1 | 434 434 -1 -1 | 1 0 | 0.110 -4.848 -1.057 | 0.054 -0.096 -6.993 0.000 |
742 | 22 - gamma | 1 | 434 434 -1 -1 | 1 0 | 0.155 -5.841 -1.061 | 0.076 -0.136 -26.739 0.000 |
743 | 22 - gamma | 1 | 440 440 -1 -1 | 1 0 | 0.064 2.088 1.486 | 0.005 0.064 0.254 0.000 |
744 | 22 - gamma | 1 | 440 440 -1 -1 | 1 0 | 0.162 2.060 0.040 | 0.162 0.007 0.627 0.000 |
745 | 22 - gamma | 1 | 447 447 -1 -1 | 1 0 | 0.039 -2.142 0.678 | 0.030 0.025 -0.164 -0.000 |
746 | 22 - gamma | 1 | 447 447 -1 -1 | 1 0 | 0.186 -1.572 2.334 | -0.129 0.134 -0.429 -0.000 |
747 | 310 - K_S0 | 1 | 461 461 -1 -1 | 1 0 | 0.264 -3.207 -2.829 | -0.252 -0.081 -3.261 0.498 |
748 | 310 - K_S0 | 1 | 467 467 -1 -1 | 1 0 | 0.401 0.365 2.330 | -0.276 0.291 0.150 0.498 |
749 | 22 - gamma | 1 | 472 472 -1 -1 | 1 0 | 0.166 2.874 2.355 | -0.117 0.117 1.461 0.000 |
750 | 22 - gamma | 1 | 472 472 -1 -1 | 1 0 | 0.218 2.251 2.030 | -0.097 0.196 1.025 0.000 |
751 | 22 - gamma | 1 | 476 476 -1 -1 | 1 0 | 0.766 2.148 1.517 | 0.042 0.764 3.236 -0.000 |
752 | 22 - gamma | 1 | 476 476 -1 -1 | 1 0 | 0.083 1.808 1.100 | 0.037 0.074 0.245 -0.000 |
753 | 22 - gamma | 1 | 478 478 -1 -1 | 1 0 | 0.084 3.201 -1.267 | 0.025 -0.080 1.033 0.000 |
754 | 22 - gamma | 1 | 478 478 -1 -1 | 1 0 | 0.116 3.576 0.169 | 0.114 0.019 2.063 0.000 |
755 | 22 - gamma | 1 | 482 482 -1 -1 | 1 0 | 0.030 2.134 2.123 | -0.016 0.025 0.124 -0.000 |
756 | 22 - gamma | 1 | 482 482 -1 -1 | 1 0 | 0.620 2.824 2.841 | -0.592 0.184 5.201 -0.000 |
757 | 22 - gamma | 1 | 487 487 -1 -1 | 1 0 | 0.029 6.196 0.551 | 0.024 0.015 7.016 0.000 |
758 | 22 - gamma | 1 | 487 487 -1 -1 | 1 0 | 0.163 6.190 -2.304 | -0.109 -0.121 39.677 -0.000 |
759 | 22 - gamma | 1 | 488 488 -1 -1 | 1 0 | 0.074 5.241 0.087 | 0.074 0.006 7.030 -0.000 |
760 | 22 - gamma | 1 | 488 488 -1 -1 | 1 0 | 0.126 6.224 -0.897 | 0.079 -0.099 31.844 -0.000 |
761 | 22 - gamma | 1 | 489 489 -1 -1 | 1 0 | 0.273 5.713 2.215 | -0.164 0.218 41.299 0.000 |
762 | 22 - gamma | 1 | 489 489 -1 -1 | 1 0 | 0.274 5.645 -0.975 | 0.154 -0.227 38.802 -0.000 |
763 | 22 - gamma | 1 | 491 491 -1 -1 | 1 0 | 0.152 6.115 -0.020 | 0.152 -0.003 34.363 0.000 |
764 | 22 - gamma | 1 | 491 491 -1 -1 | 1 0 | 0.111 6.537 -1.007 | 0.059 -0.094 38.380 -0.000 |
765 | 22 - gamma | 1 | 495 495 -1 -1 | 1 0 | 0.177 3.673 0.971 | 0.100 0.146 3.475 0.000 |
766 | 22 - gamma | 1 | 495 495 -1 -1 | 1 0 | 0.244 3.816 1.616 | -0.011 0.244 5.546 0.000 |
767 | 22 - gamma | 1 | 501 501 -1 -1 | 1 0 | 1.470 1.078 -0.971 | 0.830 -1.214 1.909 0.000 |
768 | 22 - gamma | 1 | 501 501 -1 -1 | 1 0 | 0.421 0.950 -1.086 | 0.196 -0.373 0.463 0.000 |
769 | 22 - gamma | 1 | 503 503 -1 -1 | 1 0 | 2.223 0.885 -0.929 | 1.331 -1.781 2.235 -0.000 |
770 | 22 - gamma | 1 | 503 503 -1 -1 | 1 0 | 0.373 0.773 -1.025 | 0.194 -0.319 0.318 0.000 |
771 | 22 - gamma | 1 | 506 506 -1 -1 | 1 0 | 0.284 1.297 -0.405 | 0.261 -0.112 0.481 0.000 |
772 | 22 - gamma | 1 | 506 506 -1 -1 | 1 0 | 0.327 0.888 -0.243 | 0.318 -0.079 0.331 -0.000 |
773 | 22 - gamma | 1 | 508 508 -1 -1 | 1 0 | 0.239 -0.407 -0.279 | 0.230 -0.066 -0.100 -0.000 |
774 | 22 - gamma | 1 | 508 508 -1 -1 | 1 0 | 0.656 -0.745 -0.303 | 0.626 -0.196 -0.535 -0.000 |
775 | 22 - gamma | 1 | 510 510 -1 -1 | 1 0 | 1.215 -0.784 0.090 | 1.210 0.109 -1.053 -0.000 |
776 | 22 - gamma | 1 | 510 510 -1 -1 | 1 0 | 0.073 -1.094 0.422 | 0.066 0.030 -0.097 -0.000 |
777 | 22 - gamma | 1 | 514 514 -1 -1 | 1 0 | 0.453 -0.822 0.067 | 0.452 0.030 -0.415 -0.000 |
778 | 22 - gamma | 1 | 514 514 -1 -1 | 1 0 | 1.800 -0.873 -0.074 | 1.795 -0.133 -1.780 -0.000 |
779 | 22 - gamma | 1 | 519 519 -1 -1 | 1 0 | 0.801 -0.715 -0.089 | 0.798 -0.071 -0.623 0.000 |
780 | 22 - gamma | 1 | 519 519 -1 -1 | 1 0 | 0.460 -0.511 -0.001 | 0.460 -0.000 -0.245 0.000 |
781 | 22 - gamma | 1 | 522 522 -1 -1 | 1 0 | 2.610 -0.846 -0.066 | 2.605 -0.173 -2.481 -0.000 |
782 | 22 - gamma | 1 | 522 522 -1 -1 | 1 0 | 0.407 -0.883 0.059 | 0.406 0.024 -0.407 -0.000 |
783 | 22 - gamma | 1 | 524 524 -1 -1 | 1 0 | 1.337 -0.688 -0.044 | 1.336 -0.059 -0.994 -0.000 |
784 | 22 - gamma | 1 | 524 524 -1 -1 | 1 0 | 1.053 -0.753 -0.138 | 1.043 -0.144 -0.869 -0.000 |
785 | 22 - gamma | 1 | 528 528 -1 -1 | 1 0 | 2.626 0.564 1.362 | 0.545 2.569 1.561 -0.000 |
786 | 22 - gamma | 1 | 528 528 -1 -1 | 1 0 | 2.378 0.550 1.309 | 0.615 2.297 1.376 0.000 |
787 | 22 - gamma | 1 | 530 530 -1 -1 | 1 0 | 0.159 0.035 2.922 | -0.156 0.035 0.006 0.000 |
788 | 22 - gamma | 1 | 530 530 -1 -1 | 1 0 | 0.029 1.429 -1.963 | -0.011 -0.027 0.057 0.000 |
789 | 22 - gamma | 1 | 535 535 -1 -1 | 1 0 | 0.061 1.109 -2.379 | -0.044 -0.042 0.083 -0.000 |
790 | 22 - gamma | 1 | 535 535 -1 -1 | 1 0 | 0.104 1.609 2.018 | -0.045 0.093 0.248 -0.000 |
791 | 22 - gamma | 1 | 537 537 -1 -1 | 1 0 | 0.081 2.079 1.879 | -0.025 0.078 0.320 0.000 |
792 | 22 - gamma | 1 | 537 537 -1 -1 | 1 0 | 0.511 2.010 1.208 | 0.181 0.478 1.874 0.000 |
793 | 130 - K_L0 | 1 | 538 538 -1 -1 | 1 0 | 0.787 1.595 0.267 | 0.759 0.207 1.859 0.498 |
794 | 22 - gamma | 1 | 539 539 -1 -1 | 1 0 | 0.074 2.849 2.525 | -0.060 0.043 0.634 -0.000 |
795 | 22 - gamma | 1 | 539 539 -1 -1 | 1 0 | 0.116 2.313 1.039 | 0.059 0.100 0.581 -0.000 |
796 | 22 - gamma | 1 | 544 544 -1 -1 | 1 0 | 0.157 2.387 -2.489 | -0.124 -0.095 0.845 0.000 |
797 | 22 - gamma | 1 | 544 544 -1 -1 | 1 0 | 0.137 2.196 -1.553 | 0.002 -0.137 0.608 0.000 |
798 | 310 - K_S0 | 1 | 549 549 -1 -1 | 1 0 | 1.024 3.346 -1.619 | -0.049 -1.023 14.514 0.498 |
799 | 22 - gamma | 1 | 552 552 -1 -1 | 1 0 | 0.449 3.074 -1.585 | -0.006 -0.449 4.846 0.000 |
800 | 22 - gamma | 1 | 552 552 -1 -1 | 1 0 | 0.320 2.933 -1.256 | 0.099 -0.304 2.994 0.000 |
801 | 310 - K_S0 | 1 | 553 553 -1 -1 | 1 0 | 0.484 3.528 -2.993 | -0.479 -0.072 8.232 0.498 |
802 | 22 - gamma | 1 | 558 558 -1 -1 | 1 0 | 0.170 2.261 -0.794 | 0.119 -0.121 0.806 0.000 |
803 | 22 - gamma | 1 | 558 558 -1 -1 | 1 0 | 0.116 1.879 0.118 | 0.115 0.014 0.371 -0.000 |
804 | 22 - gamma | 1 | 561 561 -1 -1 | 1 0 | 0.167 2.480 -0.677 | 0.130 -0.105 0.992 0.000 |
805 | 22 - gamma | 1 | 561 561 -1 -1 | 1 0 | 0.286 1.081 2.635 | -0.250 0.139 0.373 0.000 |
806 | 22 - gamma | 1 | 565 565 -1 -1 | 1 0 | 0.078 -0.869 2.238 | -0.048 0.061 -0.077 0.000 |
807 | 22 - gamma | 1 | 565 565 -1 -1 | 1 0 | 0.124 -1.640 1.048 | 0.062 0.108 -0.308 0.000 |
808 | 22 - gamma | 1 | 574 574 -1 -1 | 1 0 | 0.316 -0.396 1.545 | 0.008 0.315 -0.128 0.000 |
809 | 22 - gamma | 1 | 574 574 -1 -1 | 1 0 | 0.191 -0.342 2.099 | -0.096 0.165 -0.067 0.000 |
810 | 22 - gamma | 1 | 576 576 -1 -1 | 1 0 | 0.036 0.337 0.669 | 0.028 0.022 0.012 -0.000 |
811 | 22 - gamma | 1 | 576 576 -1 -1 | 1 0 | 2.220 -0.114 0.811 | 1.529 1.610 -0.253 0.000 |
812 | 22 - gamma | 1 | 580 580 -1 -1 | 1 0 | 4.138 0.145 0.986 | 2.285 3.450 0.600 0.000 |
813 | 22 - gamma | 1 | 580 580 -1 -1 | 1 0 | 1.299 0.092 1.010 | 0.690 1.100 0.119 0.000 |
814 | 22 - gamma | 1 | 582 582 -1 -1 | 1 0 | 2.182 0.010 0.973 | 1.229 1.803 0.021 0.000 |
815 | 22 - gamma | 1 | 582 582 -1 -1 | 1 0 | 8.774 0.004 0.942 | 5.158 7.097 0.037 0.000 |
816 | 22 - gamma | 1 | 584 584 -1 -1 | 1 0 | 0.409 -0.011 0.628 | 0.331 0.240 -0.004 -0.000 |
817 | 22 - gamma | 1 | 584 584 -1 -1 | 1 0 | 0.238 0.152 1.031 | 0.122 0.204 0.036 -0.000 |
818 | 22 - gamma | 1 | 587 587 -1 -1 | 1 0 | 0.843 -0.091 0.851 | 0.556 0.634 -0.077 -0.000 |
819 | 22 - gamma | 1 | 587 587 -1 -1 | 1 0 | 1.120 0.030 0.918 | 0.680 0.890 0.034 -0.000 |
820 | 22 - gamma | 1 | 590 590 -1 -1 | 1 0 | 1.251 0.043 1.063 | 0.608 1.093 0.054 -0.000 |
821 | 22 - gamma | 1 | 590 590 -1 -1 | 1 0 | 2.775 -0.017 1.023 | 1.445 2.369 -0.048 -0.000 |
822 | 22 - gamma | 1 | 593 593 -1 -1 | 1 0 | 0.874 0.176 0.650 | 0.696 0.529 0.154 -0.000 |
823 | 22 - gamma | 1 | 593 593 -1 -1 | 1 0 | 0.128 -0.012 1.009 | 0.068 0.108 -0.001 -0.000 |
824 | 22 - gamma | 1 | 594 594 -1 -1 | 1 0 | 0.054 -0.394 0.984 | 0.030 0.045 -0.022 -0.000 |
825 | 22 - gamma | 1 | 594 594 -1 -1 | 1 0 | 1.055 0.028 0.607 | 0.867 0.602 0.030 -0.000 |
826 | 22 - gamma | 1 | 595 595 -1 -1 | 1 0 | 0.091 0.738 0.978 | 0.051 0.076 0.074 -0.000 |
827 | 22 - gamma | 1 | 595 595 -1 -1 | 1 0 | 0.176 -0.273 0.846 | 0.117 0.132 -0.049 -0.000 |
828 | 22 - gamma | 1 | 597 597 -1 -1 | 1 0 | 0.625 -0.861 -0.528 | 0.540 -0.315 -0.607 -0.000 |
829 | 22 - gamma | 1 | 597 597 -1 -1 | 1 0 | 0.299 -1.137 -0.673 | 0.234 -0.186 -0.418 0.000 |
830 | 130 - K_L0 | 1 | 600 600 -1 -1 | 1 0 | 3.472 -0.652 -0.462 | 3.107 -1.549 -2.428 0.498 |
831 | 130 - K_L0 | 1 | 604 604 -1 -1 | 1 0 | 9.354 -0.586 -0.399 | 8.619 -3.635 -5.800 0.498 |
832 | 22 - gamma | 1 | 609 609 -1 -1 | 1 0 | 1.071 -0.784 -0.391 | 0.991 -0.408 -0.929 -0.000 |
833 | 22 - gamma | 1 | 609 609 -1 -1 | 1 0 | 0.514 -0.763 -0.210 | 0.503 -0.107 -0.432 0.000 |
834 | 22 - gamma | 1 | 611 611 -1 -1 | 1 0 | 2.094 -0.523 -0.488 | 1.850 -0.982 -1.146 -0.000 |
835 | 22 - gamma | 1 | 611 611 -1 -1 | 1 0 | 3.526 -0.572 -0.479 | 3.128 -1.626 -2.129 -0.000 |
836 | 22 - gamma | 1 | 620 620 -1 -1 | 1 0 | 6.465 -0.512 -0.305 | 6.166 -1.942 -3.457 0.000 |
837 | 22 - gamma | 1 | 620 620 -1 -1 | 1 0 | 2.996 -0.527 -0.278 | 2.881 -0.823 -1.652 0.000 |
838 | 313 - K*0 | 2 | 629 629 896 897 | 1 2 | 63.491 -0.889 3.041 | -63.168 6.393 -64.155 0.926 |
839 | 111 - pi0 | 2 | 629 629 898 899 | 1 2 | 41.083 -0.900 3.043 | -40.884 4.037 -42.158 0.135 |
840 | 22 - gamma | 1 | 636 636 -1 -1 | 1 0 | 1.079 -0.899 3.085 | -1.078 0.061 -1.106 -0.000 |
841 | 22 - gamma | 1 | 636 636 -1 -1 | 1 0 | 4.521 -0.837 3.084 | -4.513 0.262 -4.244 0.000 |
842 | 22 - gamma | 1 | 638 638 -1 -1 | 1 0 | 0.411 -0.939 2.918 | -0.401 0.091 -0.445 -0.000 |
843 | 22 - gamma | 1 | 638 638 -1 -1 | 1 0 | 2.672 -0.902 3.041 | -2.659 0.267 -2.752 0.000 |
844 | 22 - gamma | 1 | 642 642 -1 -1 | 1 0 | 5.552 -0.927 -3.029 | -5.516 -0.624 -5.920 0.000 |
845 | 22 - gamma | 1 | 642 642 -1 -1 | 1 0 | 3.864 -0.956 -3.035 | -3.842 -0.410 -4.282 0.000 |
846 | 22 - gamma | 1 | 645 645 -1 -1 | 1 0 | 0.111 -0.794 -3.107 | -0.111 -0.004 -0.098 0.000 |
847 | 22 - gamma | 1 | 645 645 -1 -1 | 1 0 | 3.100 -1.013 -3.040 | -3.084 -0.316 -3.704 0.000 |
848 | 22 - gamma | 1 | 647 647 -1 -1 | 1 0 | 0.276 0.640 2.587 | -0.235 0.146 0.189 0.000 |
849 | 22 - gamma | 1 | 647 647 -1 -1 | 1 0 | 0.226 0.555 2.047 | -0.104 0.201 0.132 0.000 |
850 | -311 - Kbar0 | 2 | 648 648 900 900 | 1 1 | 17.308 -0.885 3.115 | -17.302 0.468 -17.391 0.498 |
851 | 20213 - a_1+ | 2 | 648 648 901 902 | 1 2 | 17.484 -0.946 3.133 | -17.483 0.148 -19.126 0.944 |
852 | 22 - gamma | 1 | 649 649 -1 -1 | 1 0 | 0.236 -0.875 2.962 | -0.232 0.042 -0.234 -0.000 |
853 | 22 - gamma | 1 | 649 649 -1 -1 | 1 0 | 1.873 -0.921 -3.123 | -1.873 -0.035 -1.979 0.000 |
854 | 22 - gamma | 1 | 655 655 -1 -1 | 1 0 | 1.373 -0.995 2.988 | -1.357 0.210 -1.604 0.000 |
855 | 22 - gamma | 1 | 655 655 -1 -1 | 1 0 | 0.984 -0.884 3.020 | -0.977 0.120 -0.987 -0.000 |
856 | 22 - gamma | 1 | 657 657 -1 -1 | 1 0 | 1.747 -1.000 -2.932 | -1.709 -0.364 -2.054 0.000 |
857 | 22 - gamma | 1 | 657 657 -1 -1 | 1 0 | 1.935 -0.942 -2.976 | -1.909 -0.318 -2.105 0.000 |
858 | 22 - gamma | 1 | 659 659 -1 -1 | 1 0 | 0.101 -0.546 3.030 | -0.100 0.011 -0.058 -0.000 |
859 | 22 - gamma | 1 | 659 659 -1 -1 | 1 0 | 0.061 -0.857 -1.218 | 0.021 -0.057 -0.058 0.000 |
860 | 22 - gamma | 1 | 664 664 -1 -1 | 1 0 | 0.110 -1.241 0.852 | 0.072 0.083 -0.174 0.000 |
861 | 22 - gamma | 1 | 664 664 -1 -1 | 1 0 | 0.798 -0.755 3.051 | -0.795 0.072 -0.661 0.000 |
862 | 130 - K_L0 | 1 | 666 666 -1 -1 | 1 0 | 0.797 4.286 1.834 | -0.208 0.770 28.969 0.498 |
863 | 22 - gamma | 1 | 667 667 -1 -1 | 1 0 | 0.777 3.946 2.333 | -0.537 0.562 20.104 0.000 |
864 | 22 - gamma | 1 | 667 667 -1 -1 | 1 0 | 0.076 3.406 2.437 | -0.058 0.049 1.142 0.000 |
865 | 22 - gamma | 1 | 673 673 -1 -1 | 1 0 | 0.087 5.300 0.831 | 0.059 0.065 8.748 0.000 |
866 | 22 - gamma | 1 | 673 673 -1 -1 | 1 0 | 1.076 5.736 0.814 | 0.739 0.782 166.678 0.000 |
867 | 22 - gamma | 1 | 675 675 -1 -1 | 1 0 | 0.088 5.388 1.469 | 0.009 0.087 9.590 0.000 |
868 | 22 - gamma | 1 | 675 675 -1 -1 | 1 0 | 0.573 5.068 0.954 | 0.331 0.467 45.489 -0.000 |
869 | 22 - gamma | 1 | 677 677 -1 -1 | 1 0 | 0.146 5.381 1.587 | -0.002 0.146 15.889 0.000 |
870 | 22 - gamma | 1 | 677 677 -1 -1 | 1 0 | 0.514 4.918 1.432 | 0.071 0.509 35.143 0.000 |
871 | 22 - gamma | 1 | 679 679 -1 -1 | 1 0 | 0.053 6.259 3.038 | -0.053 0.005 13.831 0.000 |
872 | 22 - gamma | 1 | 679 679 -1 -1 | 1 0 | 0.119 6.473 -1.242 | 0.038 -0.113 38.636 0.000 |
873 | 22 - gamma | 1 | 683 683 -1 -1 | 1 0 | 0.232 1.623 -0.115 | 0.231 -0.027 0.566 -0.000 |
874 | 22 - gamma | 1 | 683 683 -1 -1 | 1 0 | 0.175 1.336 0.500 | 0.153 0.084 0.309 -0.000 |
875 | 22 - gamma | 1 | 687 687 -1 -1 | 1 0 | 0.090 -1.276 1.834 | -0.023 0.087 -0.148 0.000 |
876 | 22 - gamma | 1 | 687 687 -1 -1 | 1 0 | 0.342 -1.749 1.218 | 0.118 0.321 -0.953 -0.000 |
877 | 130 - K_L0 | 1 | 690 690 -1 -1 | 1 0 | 0.884 -3.263 2.753 | -0.818 0.335 -11.535 0.498 |
878 | 22 - gamma | 1 | 693 693 -1 -1 | 1 0 | 1.090 -3.380 -2.083 | -0.534 -0.951 -15.990 -0.000 |
879 | 22 - gamma | 1 | 693 693 -1 -1 | 1 0 | 0.435 -3.274 -1.918 | -0.148 -0.409 -5.733 -0.000 |
880 | 22 - gamma | 1 | 695 695 -1 -1 | 1 0 | 0.040 -2.336 0.526 | 0.035 0.020 -0.204 0.000 |
881 | 22 - gamma | 1 | 695 695 -1 -1 | 1 0 | 0.390 -2.316 -0.618 | 0.318 -0.226 -1.956 0.000 |
882 | 22 - gamma | 1 | 703 703 -1 -1 | 1 0 | 0.259 -2.781 -2.530 | -0.212 -0.149 -2.081 -0.000 |
883 | 22 - gamma | 1 | 703 703 -1 -1 | 1 0 | 0.005 -5.281 -0.327 | 0.005 -0.002 -0.515 -0.000 |
884 | 22 - gamma | 1 | 705 705 -1 -1 | 1 0 | 0.074 -3.593 -0.566 | 0.063 -0.040 -1.351 -0.000 |
885 | 22 - gamma | 1 | 705 705 -1 -1 | 1 0 | 0.417 -2.854 -0.695 | 0.320 -0.267 -3.603 -0.000 |
886 | 22 - gamma | 1 | 710 710 -1 -1 | 1 0 | 0.173 -5.710 -1.703 | -0.023 -0.171 -26.103 0.000 |
887 | 22 - gamma | 1 | 710 710 -1 -1 | 1 0 | 0.019 -3.738 -2.032 | -0.009 -0.017 -0.408 0.000 |
888 | 22 - gamma | 1 | 716 716 -1 -1 | 1 0 | 0.343 -0.361 -0.445 | 0.310 -0.148 -0.127 -0.000 |
889 | 22 - gamma | 1 | 716 716 -1 -1 | 1 0 | 0.150 0.162 -0.717 | 0.113 -0.099 0.024 -0.000 |
890 | 310 - K_S0 | 1 | 724 724 -1 -1 | 1 0 | 0.450 -1.020 -1.701 | -0.058 -0.446 -0.543 0.498 |
891 | 22 - gamma | 1 | 729 729 -1 -1 | 1 0 | 0.075 -2.332 -0.655 | 0.059 -0.046 -0.382 -0.000 |
892 | 22 - gamma | 1 | 729 729 -1 -1 | 1 0 | 0.074 -3.777 0.285 | 0.071 0.021 -1.609 -0.000 |
893 | 130 - K_L0 | 1 | 732 732 -1 -1 | 1 0 | 3.522 -1.724 -2.448 | -2.707 -2.253 -9.563 0.498 |
894 | 22 - gamma | 1 | 738 738 -1 -1 | 1 0 | 0.359 -1.952 -2.321 | -0.245 -0.263 -1.240 -0.000 |
895 | 22 - gamma | 1 | 738 738 -1 -1 | 1 0 | 0.537 -1.647 -2.300 | -0.358 -0.400 -1.342 0.000 |
896 | 311 - K0 | 2 | 838 838 903 903 | 1 1 | 25.151 -0.885 3.033 | -25.003 2.732 -25.287 0.498 |
897 | 111 - pi0 | 2 | 838 838 904 905 | 1 2 | 38.341 -0.891 3.046 | -38.165 3.661 -38.868 0.135 |
898 | 22 - gamma | 1 | 839 839 -1 -1 | 1 0 | 22.604 -0.900 3.046 | -22.501 2.155 -23.211 -0.000 |
899 | 22 - gamma | 1 | 839 839 -1 -1 | 1 0 | 18.479 -0.899 3.040 | -18.383 1.882 -18.947 -0.000 |
900 | 130 - K_L0 | 1 | 850 850 -1 -1 | 1 0 | 17.308 -0.885 3.115 | -17.302 0.468 -17.391 0.498 |
901 | 113 - rho0 | 2 | 851 851 906 907 | 1 2 | 12.851 -0.953 3.130 | -12.850 0.143 -14.183 0.756 |
902 | 211 - pi+ | 1 | 851 851 -1 -1 | 1 0 | 4.633 -0.928 3.141 | -4.633 0.004 -4.943 0.140 |
903 | 310 - K_S0 | 1 | 896 896 -1 -1 | 1 0 | 25.151 -0.885 3.033 | -25.003 2.732 -25.287 0.498 |
904 | 22 - gamma | 1 | 897 897 -1 -1 | 1 0 | 35.344 -0.892 3.045 | -35.180 3.396 -35.872 -0.000 |
905 | 22 - gamma | 1 | 897 897 -1 -1 | 1 0 | 2.997 -0.881 3.053 | -2.985 0.265 -2.996 -0.000 |
906 | 211 - pi+ | 1 | 901 901 -1 -1 | 1 0 | 5.248 -0.930 -3.091 | -5.241 -0.266 -5.615 0.140 |
907 | -211 - pi- | 1 | 901 901 -1 -1 | 1 0 | 7.620 -0.967 3.088 | -7.609 0.410 -8.568 0.140 |
